[Command: python -u /Users/kawaisk/Documents/GitHub/Zakharov/Zakharov_DVDMandGlassey.py]
L= 20 Emax= 0.18
N= 30 dt= 0.03336581616182292 dx= 0.03333333333333333
954

Glassey実行時間: 41.12745025000186
初期値に対するノルムの最大誤差: 6.212808045802376e-13
初期値に対するノルムの最大誤差比: 9.695787425458307e-13
初期値に対するエネルギーの最大誤差: 0.0007794539574181858
初期値に対するノルムの最大誤差比: 0.001046612872695579
各要素の最大誤差: 0.022585888594599632 0.01615889653980355
各要素の最大誤差比: 0.028215312334813367 0.014197118926621668

t: 8.0 , 0.010892877003231542 0.007254420428355409 , 0.013610436852606522 0.00637149340927163
t: 16.0 , 0.015289897869090237 0.011083175524694726 , 0.01910841970374636 0.009730525476667935
t: 24.0 , 0.019823710180225194 0.001816254863621321 , 0.02476931845917412 0.0015952029521320932
t: 32.0 , 0.022585888594599632 0.015596120719626514 , 0.028215312334813367 0.013702658470321068

(0.04716342650036864,
[2.8399709971830754e-16, 1.1015297407049648e-05, 1.246969505546484e-05, 1.5703027636822903e-05, 1.788446665506024e-05, 2.1185451732413362e-05, 2.4513877969013006e-05, 2.8793113595067096e-05, 3.3551734064737446e-05, 3.917595981489396e-05, 4.545910370869581e-05, 5.25476856262743e-05, 6.035646466079611e-05, 6.893108220704146e-05, 7.824066091780682e-05, 8.829218348032708e-05, 9.907630972133599e-05, 0.00011058832878254507, 0.0001228247094527062, 0.000135780584609519, 0.00014945076894008237, 0.00016383514270443373, 0.00017892348353887362, 0.00019472218381911283, 0.00021121484543592316, 0.0002284145472604422, 0.00024629868547268723, 0.0002648865867353671, 0.0002841498261397885, 0.0003041133171304011, 0.00032474344071092566, 0.00034606986632815034, 0.0003680545594881591, 0.0003907310913702521, 0.00041405776522102387, 0.0004380712810372781, 0.00046272698196534297, 0.00048806397219103927, 0.0005140353098129598, 0.0005406818100346747, 0.0005679549011657517, 0.0005958964915154433, 0.0006244569214414167, 0.0006536786522616967, 0.000683511451809823, 0.0007139978387838114, 0.0007450874878776128, 0.0007768225210524637, 0.0008091529259666478, 0.0008421200405463814, 0.0008756745224533057, 0.0009098565832990432, 0.0009446178848016489, 0.0009799971957907712, 0.0010159474702443624, 0.0010525057848474924, 0.0010896266829278252, 0.0011273453724488325, 0.001165618077621978, 0.0012044775430809294, 0.001243881583742171, 0.0012838610748422035, 0.0013243776623804858, 0.0013654613755743914, 0.001407073967108671, 0.0014492359080589918, 0.0014919062457315014, 0.0015351113578006715, 0.001578833906699282, 0.0016231071480772787, 0.0016678897182216157, 0.0017131682694686533, 0.001758899849568353, 0.001805124338675395, 0.0018518522066421023, 0.001899095562136412, 0.0019468025259268124, 0.001994975051824721, 0.0020436135244720427, 0.00209272630961198, 0.002142267835390876, 0.002192236159428992, 0.0022426424173719226, 0.0022934953637360235, 0.002344760205589431, 0.0023964388895327004, 0.0024485460331506903, 0.0025010730873569614, 0.002553988689507426, 0.002607298493473591, 0.0026610109179063487, 0.0027150980557425508, 0.00276954410086036, 0.002824360249759146, 0.0028795417109834884, 0.0029350559026133094, 0.002990913482696636, 0.003047116088649844, 0.0031036454861659325, 0.003160485213445964, 0.003217658297648794, 0.0032751388636437385, 0.0033329171514339334, 0.003390994693413238, 0.0034493755763915722, 0.0035080222619683432, 0.0035669529134868486, 0.0036261549817590325, 0.0036856145527534583, 0.003745317220925267, 0.00380528201529442, 0.0038654689691039975, 0.003925886648698788, 0.003986527931468195, 0.004047384861244907, 0.004108432524632006, 0.004169695460413388, 0.004231137380095704, 0.0042927623512644415, 0.004354564022762448, 0.00441653912525832, 0.004478659396684889, 0.004540949828853323, 0.004603376259898923, 0.0046659417419300285, 0.00472863937234653, 0.004791465900618652, 0.004854395040330551, 0.004917449822473628, 0.004980595518908959, 0.005043835536096671, 0.005107161199129553, 0.005170566707283734, 0.005234034701176582, 0.005297585391019639, 0.0053611808713562225, 0.005424821701939795, 0.005488493102501205, 0.005552191021269682, 0.005615917744725923, 0.00567968785619009, 0.005743457173775409, 0.005807220274480526, 0.005870957935975598, 0.005934674797322923, 0.005998381622429459, 0.0060620707394341165, 0.006125708257975253, 0.006189307950175513, 0.006252855911013102, 0.006316345590419285, 0.006379762093266659, 0.006443087148251431, 0.006506325792799075, 0.006569488940784338, 0.006632545408321993, 0.0066954954569338025, 0.0067583402077672754, 0.006821069478085795, 0.0068836762218077285, 0.006946139362545512, 0.007008455536207819, 0.007070633328544495, 0.0071326458612747815, 0.007194484211618657, 0.007256160951418103, 0.007317659767118789, 0.007378976918975225, 0.0074401004057738215, 0.007501030255870036, 0.0075617659313924395, 0.007622285652645248, 0.00768258020467454, 0.007742664414959458, 0.00780250767759887, 0.00786210897749653, 0.00792146439253882, 0.007980570048425537, 0.008039414546834097, 0.008097991474060536, 0.008156297075053809, 0.00821433833733797, 0.00827208263756502, 0.008329546104710206, 0.008386720145889086, 0.008443590004169459, 0.008500150309649467, 0.00855640491038588, 0.00861233534874931, 0.008667943059132743, 0.008723210207714483, 0.00877815124408235, 0.008832740263088676, 0.008886977321230845, 0.008940865798049097, 0.008994393619329893, 0.009047546317493214, 0.009100340906934673, 0.00915275471189795, 0.009204793742378295, 0.009256444585691467, 0.009307710919758553, 0.009358576826497317, 0.009409040979149713, 0.00945910977220635, 0.009508779380446917, 0.009558025103720464, 0.009606858685316199, 0.009655253000128422, 0.009703217318181759, 0.009750761986153005, 0.009797882781346409, 0.009844560203842894, 0.009890785322813346, 0.009936553361815191, 0.009981872383096403, 0.01002673414809485, 0.010071149091774718, 0.01011509354627101, 0.010158573565612998, 0.010201600122491638, 0.01024415300588604, 0.010286223202281985, 0.010327815870695577, 0.010368925121794693, 0.01040955918328357, 0.010449707695550797, 0.010489369051527512, 0.010528541421729596, 0.010567230047296051, 0.010605429149124107, 0.010643117522167352, 0.010680309276331476, 0.010717005143092045, 0.010753189190421012, 0.010788869467548472, 0.010824042324695764, 0.010858709821580758, 0.010892877003231542, 0.010926528345894958, 0.010959670851967395, 0.01099230510460848, 0.011024430450167743, 0.011056032492070478, 0.011087119892104152, 0.011117700166301937, 0.011147759531259559, 0.011177300995111961, 0.01120633621430575, 0.011234853442852154, 0.01126286620886813, 0.011290360276444013, 0.011317345957817342, 0.011343825936205434, 0.011369792048008536, 0.011395242568364109, 0.01142018975490121, 0.011444627098502538, 0.011468552436062183, 0.011491968215041084, 0.011514889746720902, 0.011537297587926699, 0.011559209478159005, 0.011580622989093712, 0.011601541708296236, 0.011621967556172718, 0.011641897597830866, 0.011661337850824632, 0.01168029738892247, 0.011698761927519803, 0.011716752386122688, 0.011734262459309065, 0.011751290984651809, 0.011767835256142493, 0.011783917015046424, 0.011799534561385014, 0.011814692114414804, 0.011829395699131849, 0.0118436383879205, 0.011857419693858555, 0.011870761332931544, 0.01188366604971194, 0.011896150628166013, 0.011908195794948161, 0.011919810207282352, 0.01193100418619074, 0.011941777365375628, 0.011952139192760489, 0.011962097738859057, 0.01197164961001849, 0.011980808578580535, 0.011989586812091422, 0.011997983464828502, 0.01200598960184869, 0.012013627780112831, 0.012020900786260228, 0.012027817215697647, 0.01203438343493538, 0.01204060255234833, 0.012046493128651874, 0.012052055153917256, 0.012057295466805444, 0.012062220302398684, 0.01206682751155152, 0.012071139682739127, 0.012075159210664592, 0.012078883490290269, 0.012082330947474964, 0.012085515348574511, 0.012088438236414601, 0.012091102397897402, 0.012093526832475903, 0.012095711036766842, 0.012097669034661234, 0.012099404722215016, 0.012100924572183747, 0.012102246838939734, 0.012103377380072408, 0.012104324792260224, 0.012105099806295344, 0.012105711314356166, 0.012106180522846288, 0.012106496252277249, 0.012106679051071398, 0.012106742127830672, 0.012106687781949666, 0.012106521913094559, 0.01210626417813717, 0.012105920117609378, 0.01210550017004689, 0.012105015709414264, 0.012104476525982342, 0.012103893871789529, 0.012103284283685145, 0.012102644058866026, 0.012101999021771306, 0.01210135089191057, 0.012100710630743153, 0.012100083984940434, 0.012099489100980116, 0.012098941682203953, 0.012098443038458162, 0.012098005666258788, 0.01209764673955349, 0.012097362303880019, 0.012097177580209338, 0.012097106901977881, 0.012097161716135778, 0.012097341482870599, 0.01209765715494691, 0.012098113685192419, 0.012098735124868911, 0.01209953048500033, 0.012100506096031171, 0.012101676159929634, 0.012103043313721733, 0.012104617564743177, 0.012106419250965167, 0.012108450565504034, 0.012110722918095484, 0.012113243610879393, 0.01211603848465542, 0.012119108306045446, 0.012122456346159735, 0.012126098368384497, 0.012130038903853228, 0.012134289052293513, 0.0121388609997907, 0.01214375909440065, 0.012148993976183848, 0.012154579209977206, 0.012160522462168281, 0.01216682958806435, 0.012173507945406595, 0.012180562251440857, 0.012188011570218508, 0.012195856042906272, 0.012204098303957947, 0.01221275804485828, 0.012221838251575984, 0.01223134622306586, 0.012241284352865315, 0.012251663625142897, 0.012262487178384341, 0.012273759076865745, 0.012285488356873795, 0.012297673993985672, 0.012310325675014151, 0.012323453662399335, 0.012337054514313764, 0.012351136471878642, 0.01236570576282075, 0.012380767402656336, 0.012396320076033336, 0.01241236948629089, 0.01242891729883811, 0.012445972597414846, 0.012463528365279992, 0.012481591559855959, 0.012500169647899684, 0.01251925823499977, 0.012538860916648967, 0.012558980236523621, 0.012579614111527582, 0.012600767675633348, 0.012622437111467927, 0.012644625138344691, 0.012667326880288625, 0.012690547686242821, 0.012714280051396794, 0.012738526448735518, 0.012763292209862175, 0.012788572796894385, 0.012814361564424824, 0.012840659357459924, 0.01286746317688998, 0.012894772933512292, 0.012922586767565837, 0.012950902502854255, 0.012979713508423679, 0.013009012898649525, 0.013038795737290158, 0.013069067146601712, 0.013099816976667247, 0.013131043508041142, 0.013162740604747274, 0.013194902486374293, 0.013227527498547555, 0.013260607306418848, 0.013294135078906026, 0.01332810690102765, 0.013362517419090933, 0.013397360868655894, 0.013432631021519181, 0.013468322583401712, 0.01350442359128564, 0.013540931261033635, 0.013577840140361445, 0.013615140335311107, 0.013652824653033998, 0.013690888648485685, 0.013729325254631343, 0.013768126110693306, 0.013807282643887387, 0.013846786838207099, 0.013886632052571355, 0.013926808038239938, 0.013967308020641426, 0.014008122899389634, 0.014049244017297511, 0.014090665636065543, 0.014132376930426852, 0.014174370051526676, 0.014216636335897034, 0.014259166526291056, 0.014301953430398133, 0.014344986404175732, 0.014388256934464834, 0.01443175714637106, 0.014475478992997622, 0.014519411453706693, 0.014563546675222175, 0.01460787639993653, 0.014652390519138423, 0.014697079822249243, 0.014741935660239795, 0.014786948507839607, 0.014832109599228224, 0.014877409852767172, 0.01492284019387761, 0.014968391887412667, 0.015014056103883946, 0.015059823618496879, 0.01510568548569763, 0.01515163260081482, 0.015197656453399306, 0.01524374784068832, 0.015289897869090237, 0.015336097697793101, 0.015382338551050426, 0.015428611703006552, 0.01547490862508345, 0.015521220616643247, 0.01556753885142306, 0.01561385537710963, 0.015660161583371912, 0.015706448944411797, 0.015752708988621345, 0.01579893382864635, 0.01584511448412842, 0.015891243915589846, 0.015937313922642117, 0.01598331630126223, 0.016029243047658754, 0.016075086457586037, 0.016120838239341455, 0.016166491751520063, 0.016212038887290944, 0.016257471383492914, 0.01630278302879339, 0.01634796695005703, 0.016393015879998182, 0.016437921585985536, 0.016482676823825503, 0.01652727663666177, 0.01657171188131113, 0.016615977593031832, 0.016660066156952227, 0.016703971378492808, 0.016747687117189533, 0.016791206346994523, 0.01683452415171146, 0.016877632044961406, 0.01692052429709075, 0.016963197414460833, 0.017005644592473647, 0.017047858643533018, 0.017089836014178284, 0.01713157105815488, 0.01717305789203897, 0.017214291608932595, 0.017255264824091322, 0.017295973911988987, 0.017336415413107667, 0.0173765821222745, 0.01741646936264157, 0.017456075276152516, 0.017495394042881484, 0.017534420519525733, 0.017573152480720673, 0.017611582616168832, 0.017649709631131372, 0.017687527441368495, 0.01772503443305582, 0.017762224035974588, 0.017799093524318563, 0.0178356429055896, 0.017871865097739553, 0.017907757205260368, 0.017943317484965138, 0.01797854271467709, 0.018013429220140167, 0.018047971152002504, 0.018082171793304097, 0.01811602676576814, 0.018149532843497667, 0.018182687565409722, 0.01821548956055804, 0.018247935272981467, 0.01828002723251163, 0.01831175951709307, 0.018343132847261804, 0.01837414358764551, 0.018404786231463695, 0.018435061043736312, 0.018464970972962416, 0.01849451343829996, 0.018523688008869083, 0.018552491897301498, 0.018580920264247285, 0.01860897724498255, 0.018636664887254864, 0.018663976300074707, 0.01869091613911007, 0.01871748069801632, 0.018743672421712113, 0.01876948623270875, 0.018794926403706624, 0.018819992076653882, 0.018844678825717026, 0.01886899268391084, 0.018892935915064767, 0.018916506824930596, 0.018939703066940736, 0.018962525174710237, 0.01898497742162925, 0.019007057722124677, 0.019028767029641885, 0.019050106570861678, 0.019071078102833126, 0.019091685822358748, 0.019111929813083402, 0.019131807174929964, 0.019151324570655052, 0.019170479412884, 0.019189275801737994, 0.019207716102895428, 0.01922579860886075, 0.019243528492541198, 0.01926090758250662, 0.01927793679405873, 0.019294617568801683, 0.01931095289725843, 0.01932693936939173, 0.019342589729988875, 0.01935790201608683, 0.019372873276777874, 0.0193875157833626, 0.01940183115967875, 0.019415820111442373, 0.0194294821592291, 0.01944282426127492, 0.01945584998000442, 0.01946855622138006, 0.01948095115060451, 0.019493034007543823, 0.019504810954221262, 0.019516285107019145, 0.01952746039662952, 0.019538338577068378, 0.019548925364252054, 0.019559221510092303, 0.019569231433451777, 0.019578954610534122, 0.019588401275491624, 0.01959757293234174, 0.01960647463657529, 0.019615107150990577, 0.01962347008873185, 0.019631575611182582, 0.01963942751178791, 0.019647026922576555, 0.0196543804991699, 0.01966148663233398, 0.019668350965862877, 0.01967497428180471, 0.019681367796965415, 0.019687538849688106, 0.019693491938178282, 0.019699216287401407, 0.019704729469510456, 0.019710033715724284, 0.019715127369508645, 0.019720021406024992, 0.019724715458701532, 0.0197292139662022, 0.019733524877186315, 0.019737650735816337, 0.019741594162530934, 0.019745357352110384, 0.01974895105281128, 0.01975237713152621, 0.019755643135195084, 0.019758754149724833, 0.019761710319590856, 0.019764514510644794, 0.019767174990897838, 0.019769692920847168, 0.01977207380691194, 0.019774316124825303, 0.019776432419696274, 0.01977842790956126, 0.019780304662714302, 0.019782063194019275, 0.019783707478826042, 0.019785250890781855, 0.019786686817206595, 0.01978802200618614, 0.01978926361199231, 0.019790415419683946, 0.019791482383206667, 0.019792467723832145, 0.019793376695568392, 0.019794211019436087, 0.01979497515180344, 0.01979567506313617, 0.019796316728335678, 0.01979689531724519, 0.01979742390361528, 0.019797909243290498, 0.019798342892127008, 0.01979873903372625, 0.019799093774431724, 0.019799413152320523, 0.019799704857830627, 0.01979996670156984, 0.019800200239970242, 0.019800418403666493, 0.0198006223804895, 0.0198008141338969, 0.01980099575127716, 0.01980117778533081, 0.01980135491051217, 0.019801528259794886, 0.019801703125199112, 0.01980188518484329, 0.019802080988417417, 0.019802286235840353, 0.019802504554135066, 0.019802740138827064, 0.01980299410270554, 0.019803278453560433, 0.019803592046521306, 0.019803939432049673, 0.01980431160173784, 0.01980472086179027, 0.01980516482215087, 0.019805649120414607, 0.01980618197818883, 0.01980676351634628, 0.019807388024473346, 0.019808060534982238, 0.019808787249789978, 0.019809568237635015, 0.019810400612504858, 0.019811286723497523, 0.019812235780788758, 0.019813247723943328, 0.019814320716950974, 0.019815459184102758, 0.01981665662383796, 0.0198179267246642, 0.019819265542618075, 0.019820671633802352, 0.019822155274491278, 0.019823710180225194, 0.01982533284218339, 0.01982703677376513, 0.01982881311998862, 0.019830663313678033, 0.01983258990445164, 0.019834598988883574, 0.019836691520080895, 0.019838865172091356, 0.0198411227046343, 0.019843459333653703, 0.019845882668007374, 0.01984838699027701, 0.01985097219224209, 0.019853638030899897, 0.019856387055099244, 0.019859226097984607, 0.019862145476299404, 0.01986514770538795, 0.019868236391611026, 0.01987141264157022, 0.01987466968698052, 0.019878010525377982, 0.019881440549138284, 0.019884953470331174, 0.019888553287028116, 0.019892240093362133, 0.019896011190576494, 0.01989986437303608, 0.019903805720674638, 0.019907830114512904, 0.019911938541452505, 0.019916126188412837, 0.019920398664302123, 0.019924756400493796, 0.019929196784897272, 0.019933719571784393, 0.019938325048048596, 0.019943011090956884, 0.01994777463445293, 0.019952610180761696, 0.0199575322616217, 0.01996253766730195, 0.019967616530452547, 0.01997277598303012, 0.019978008370639743, 0.019983317881642575, 0.01998871260849687, 0.019994179813935097, 0.019999724651272567, 0.020005339645300643, 0.020011025386983117, 0.020016776636218574, 0.02002260388041629, 0.02002850244908, 0.0200344696467587, 0.020040505454977563, 0.020046610181649046, 0.02005278452399845, 0.02005902308168872, 0.020065326602990718, 0.02007169491042885, 0.0200781264622077, 0.020084627135249604, 0.02009119273945621, 0.020097816165228124, 0.020104498495010947, 0.020111246946559976, 0.020118054390910828, 0.020124919197313854, 0.020131844156982593, 0.020138830347609313, 0.020145872701242937, 0.02015297439360749, 0.0201601317804279, 0.02016734643568457, 0.02017461654114529, 0.02018194364069104, 0.02018933111683595, 0.02019677549633459, 0.02020427260430253, 0.020211825677534427, 0.020219434892465978, 0.020227095897975316, 0.020234807308832668, 0.02024256949327246, 0.020250389047584954, 0.02025825954431346, 0.020266185952710954, 0.020274163636197422, 0.020282193489128013, 0.020290282734243725, 0.02029841751518326, 0.020306605511014618, 0.020314847490661054, 0.020323140300009927, 0.020331488325587618, 0.020339888677609292, 0.020348340927891853, 0.020356848135410163, 0.020365413480409364, 0.02037403058632216, 0.020382704006943007, 0.020391433136927747, 0.020400218689256063, 0.02040906060930556, 0.020417963439194557, 0.020426926180804376, 0.02043594669607583, 0.020445024078891327, 0.020454161873654186, 0.02046335545857323, 0.020472611232656552, 0.020481934517079668, 0.020491320205644554, 0.02050076438165246, 0.020510273020526822, 0.0205198500947048, 0.020529495161975508, 0.020539208820144993, 0.02054899148744227, 0.02055884303388191, 0.020568765074192245, 0.02057875688968708, 0.02058882485349652, 0.02059896918433505, 0.020609190540217877, 0.020619489136376883, 0.02062987032180257, 0.020640330579923497, 0.020650873848945542, 0.02066149554378165, 0.02067220110310894, 0.020682993965677143, 0.020693874513867144, 0.020704844400154285, 0.02071590169771303, 0.020727052984438606, 0.02073829711825527, 0.020749637007902964, 0.02076107479629367, 0.020772608030870835, 0.020784245514883632, 0.02079598508192415, 0.020807826998394407, 0.020819774862347415, 0.020831827625428855, 0.020843988405081802, 0.02085626155589911, 0.020868644369505775, 0.02088114109616142, 0.020893754516069844, 0.0209064836082498, 0.020919330352440892, 0.02093229881619118, 0.020945387375746367, 0.020958597821880295, 0.020971935244387327, 0.02098540195309578, 0.020998996719761607, 0.021012720411234788, 0.02102657952281872, 0.021040571526922156, 0.021054696850166577, 0.021068957721023126, 0.02108335704191066, 0.02109789564685339, 0.021112575612974787, 0.021127397133647037, 0.021142362607043563, 0.021157475113342625, 0.02117273464570553, 0.021188142777599638, 0.021203699887005063, 0.02121940734235973, 0.02123526631591881, 0.02125127862357675, 0.02126744559324222, 0.0212837688245615, 0.021300249239485945, 0.021316885012166505, 0.02133367965362029, 0.021350632480371563, 0.021367747758652755, 0.021385025309553902, 0.021402465031618686, 0.021420067377499793, 0.021437832948501837, 0.021455763850915074, 0.02147386091712571, 0.02149212403710397, 0.021510553420973112, 0.021529148885590207, 0.021547912699316746, 0.021566843453563318, 0.021585942349105654, 0.021605210543900303, 0.02162464748269504, 0.021644254213645592, 0.02166402996012776, 0.021683974958725784, 0.021704089481012503, 0.021724371216833432, 0.02174482119312369, 0.021765440569911223, 0.0217862278742565, 0.021807182005721053, 0.02182830382420606, 0.02184959197705588, 0.02187104614330115, 0.02189266527638264, 0.021914448710710226, 0.021936395454808195, 0.021958505028054322, 0.02198077652775306, 0.02200320848930032, 0.02202579994853591, 0.02204854989788004, 0.022071457103242913, 0.02209452025222521, 0.022117738080639448, 0.022141109053401182, 0.02216463173264858, 0.022188304472348475, 0.022212125541407373, 0.022236093140658404, 0.022260205492867773, 0.022284460670413838, 0.022308856780776227, 0.022333391715288854, 0.02235806351341026, 0.022382869907553157, 0.02240780871887889, 0.022432877677408355, 0.02245807431428704, 0.022483396750898135, 0.0225088419078507, 0.022534407194717297, 0.022560090304764743, 0.022585888594599632],
[3.859256176596033e-17, 0.00011875262636081539, 0.0002375081231382319, 0.00035618775010552576, 0.0004748317732404629, 0.0005934184389913723, 0.0007119323022564137, 0.0008303640491970694, 0.0009486976700088301, 0.0010669182774025352, 0.0011850174447577038, 0.00130298023084122, 0.0014207946862687805, 0.0015384466257803429, 0.0016559241948951736, 0.001773214938983007, 0.0018903049988199104, 0.0020071827834188534, 0.002123835136307245, 0.002240249206880388, 0.002356412888474315, 0.002472312999914223, 0.0025879372279894496, 0.002703272917910912, 0.0028183078358521075, 0.0029330296821092673, 0.0030474251512646335, 0.003161482388495634, 0.0032751891882478864, 0.0033885329187947812, 0.0035015019685435025, 0.00361408315262378, 0.003726264613654187, 0.003838034359214827, 0.003949380451271042, 0.004060290819813478, 0.004170753288524252, 0.004280755430947797, 0.004390286237328858, 0.004499333417589062, 0.004607885793920495, 0.004715930760485456, 0.004823457045354174, 0.004930452835911055, 0.005036907250227349, 0.005142808405806236, 0.005248145086014715, 0.0053529050964688605, 0.005457078179146603, 0.005560652591908426, 0.005663617983387391, 0.0057659622512561785, 0.005867674886415201, 0.00596874455839585, 0.006069161199728437, 0.006168913585385553, 0.0062679914226171285, 0.006366382938935641, 0.006464078737485396, 0.006561067816808758, 0.006657340546118004, 0.006752885784926552, 0.006847693631872177, 0.006941753450620832, 0.007035056198000117, 0.007127591446851302, 0.007219349747208757, 0.007310320187879301, 0.00740049393457025, 0.007489861048598753, 0.007578412710443553, 0.007666138936818594, 0.007753030694959696, 0.007839078214190328, 0.00792427306297103, 0.008008605932425831, 0.008092068247882769, 0.00817465029225391, 0.008256343888601162, 0.008337140295930747, 0.008417031525670063, 0.008496008931306314, 0.00857406408777456, 0.008651188430588055, 0.008727374490695407, 0.008802614228478672, 0.008876899837581359, 0.008950223021696064, 0.0090225762206131, 0.00909395202909254, 0.00916434318821127, 0.009233742436266975, 0.009302142254750387, 0.009369535381853707, 0.009435915076886429, 0.009501274863788283, 0.009565607878507361, 0.009628907309607635, 0.009691166361636331, 0.0097523791079597, 0.009812539189354291, 0.009871640856394047, 0.009929677486660427, 0.009986643217059048, 0.010042532135303315, 0.010097339211837905, 0.010151058555166655, 0.010203684890398395, 0.010255212227551097, 0.010305636088267353, 0.010354951111571418, 0.010403153066855972, 0.010450236428222329, 0.010496196751406275, 0.010541029137977985, 0.01058473006879897, 0.01062729475525275, 0.010668719562751247, 0.010708999539385138, 0.010748131550798738, 0.01078611151060224, 0.010822936630867454, 0.010858602570940358, 0.010893106398023274, 0.010926444274014688, 0.0109586140347136, 0.010989612241802338, 0.011019436630300403, 0.011048083415417334, 0.011075550843670248, 0.011101836061772626, 0.011126937543620891, 0.011150852438173079, 0.011173579016973363, 0.011195114565670834, 0.011215458345490373, 0.011234608311220065, 0.011252563521267566, 0.011269321674894629, 0.01128488198164027, 0.011299242968501032, 0.01131240452862579, 0.011324365354208582, 0.01133512498946858, 0.011344682201367199, 0.011353037242114518, 0.011360189653879747, 0.011366139827822941, 0.011370886985807464, 0.011374431518245867, 0.011376773574306328, 0.011377914159043356, 0.01137785368858463, 0.011376592782911569, 0.011374131692557788, 0.011370471938127735, 0.011365614682458941, 0.011359561355160568, 0.011352312998492698, 0.011343870946004787, 0.011334237010529522, 0.01132341325900359, 0.011311401645715417, 0.011298204051546058, 0.011283822380716584, 0.011268258902184927, 0.011251516507575401, 0.011233597687894142, 0.011214505159638299, 0.011194241174872494, 0.011172808935752272, 0.011150211634001941, 0.011126452935262342, 0.011101535547592216, 0.011075463047511348, 0.011048238616237459, 0.011019866639419357, 0.01099035067267807, 0.010959694995086738, 0.010927902816721603, 0.010894978810594036, 0.010860926951477083, 0.010825752598289818, 0.010789459517897627, 0.01075205262670088, 0.010713536091861564, 0.010673915765695903, 0.01063319624303532, 0.010591383407809442, 0.01054848143486254, 0.010504496437716188, 0.010459433379599875, 0.010413299028332348, 0.010366098438376315, 0.010317837816469336, 0.010268522282899694, 0.010218159094101526, 0.010166753878587119, 0.010114313932163181, 0.010060844533570094, 0.010006352928218642, 0.009950845255582163, 0.009894329482386933, 0.00983681191198243, 0.009778299931877859, 0.009718799646562833, 0.00965831953077772, 0.009596866458492299, 0.009534448937269782, 0.00947107347559299, 0.009406748055073237, 0.009341480001439403, 0.009275278339074497, 0.00920815071872096, 0.009140105626839002, 0.009071150173172086, 0.009001293497950225, 0.008930543674390312, 0.00885891007040308, 0.00878640052489156, 0.008713023644172877, 0.00863878802295699, 0.008563703365570049, 0.008487778478627004, 0.008411022590947032, 0.008333443909751659, 0.008255052092571243, 0.008175856589775817, 0.008095867218501487, 0.008015093155971527, 0.007933543618509625, 0.007851228370695304, 0.007768157429656699, 0.00768434093896565, 0.007599788799969743, 0.0075145104715564, 0.007428515884652538, 0.007341815774567192, 0.007254420428355409, 0.007166340687202894, 0.0070775860408995315, 0.006988167244745117, 0.006898094961205848, 0.006807381042422946, 0.006716035788389094, 0.006624070132522092, 0.006531494535826582, 0.006438321258923893, 0.006344561234040108, 0.006250227021064512, 0.006155328720710655, 0.006059878888902549, 0.005963888841110491, 0.0058673720842481215, 0.005770340264289694, 0.005672806459433587, 0.005574781685987468, 0.005476280453086523, 0.0053773153368507276, 0.005277901157704627, 0.005178049551910016, 0.005077775525873766, 0.004977091882364275, 0.0048760152155971495, 0.0047745593734914, 0.004672740543674741, 0.004570572425046548, 0.004468072817010314, 0.00436525745046264, 0.004262145887255821, 0.0041587536704544145, 0.004055100596355122, 0.003951204574023487, 0.0038470885911950827, 0.003742772535905011, 0.003638280325659818, 0.0035336332325405116, 0.0034288583657450496, 0.003323982499739327, 0.0032190373972042718, 0.0031140524847811358, 0.003009063261660419, 0.0029041052190753014, 0.0027992240226867144, 0.0026944655026786336, 0.0025898834917500095, 0.0024855346045503904, 0.002381487649469283, 0.00227781965628194, 0.0021746235942799665, 0.0020720030734198217, 0.001970082353297724, 0.001869007402371273, 0.0017689600152408663, 0.0016701553772031396, 0.0015728599839616195, 0.0014773974894820982, 0.001384174631938703, 0.0012937023117841763, 0.0012066242246269762, 0.0011237508373965787, 0.0010460971340012955, 0.0009749214751867979, 0.0009117542095673411, 0.0008583679809249389, 0.0008166797756647124, 0.0007885336686420299, 0.0007753800562369659, 0.0007779556497164346, 0.000796075513986916, 0.0008286858725228806, 0.0008741175126536093, 0.0009304490738264649, 0.0009957826178804722, 0.0010684249407783984, 0.0011469381816661735, 0.0012301505174227493, 0.0013171190168932395, 0.0014071016895055586, 0.001499506518426173, 0.0015938671761861615, 0.0016898032737215675, 0.0017870142653229626, 0.001885251676758059, 0.001984317766727784, 0.002084044907593275, 0.002184296526104079, 0.0022849528363321284, 0.0023859181374944554, 0.002487107738320677, 0.00258845149220909, 0.0026898841421429632, 0.002791350837050116, 0.0028928000587839504, 0.002994191210340726, 0.003095483304518287, 0.003196643170887097, 0.0032976366062400543, 0.0033984363227440814, 0.0034990147942991715, 0.00359934887405528, 0.00369941429071772, 0.0037991899441874974, 0.0038986539356310936, 0.003997789569601714, 0.004096578025644199, 0.0041950037679691545, 0.00429304914812609, 0.004390699908328435, 0.004487940674156399, 0.004584758726065742, 0.0046811396056819716, 0.00477707074168922, 0.004872538890879518, 0.004967533081137228, 0.00506204151368142, 0.005156053378462968, 0.005249556504527366, 0.005342540542915212, 0.0054349947200371005, 0.005526909916481795, 0.005618275673876637, 0.005709082514864476, 0.005799320348566206, 0.005888980303072391, 0.005978053578864131, 0.006066531808332481, 0.0061544060909407665, 0.0062416679649798835, 0.006328309015323523, 0.006414321530880657, 0.006499697707624551, 0.006584429907244329, 0.006668510335447572, 0.006751931890795562, 0.006834687430455728, 0.0069167700762669095, 0.006998173039976458, 0.007078889004532584, 0.007158911732958287, 0.007238234852519923, 0.007316852424901604, 0.007394757963420508, 0.007471945408871605, 0.007548408806794046, 0.007624142896606338, 0.00769914205463143, 0.007773400953261073, 0.007846913727386558, 0.007919675487807903, 0.007991681097299072, 0.008062926013784897, 0.008133405056513833, 0.008203113589063643, 0.008272046553764678, 0.008340200034490361, 0.008407569494115615, 0.00847415111244766, 0.00853994017605257, 0.008604932735755128, 0.00866912482831774, 0.0087325131027947, 0.008795093652880615, 0.008856863107245866, 0.008917817503708687, 0.008977953995343726, 0.009037269196842255, 0.00909576047011961, 0.009153424397108114, 0.009210258272927076, 0.009266259186764686, 0.009321424861798905, 0.0093757527478544, 0.009429240674318851, 0.009481885953978336, 0.009533686744878886, 0.009584640917162598, 0.009634746833307815, 0.009684002466462695, 0.0097324062294352, 0.009779956372380409, 0.009826651849345332, 0.009872491155380848, 0.009917473247943674, 0.009961596691589799, 0.010004860689186072, 0.010047264389601789, 0.010088807195395243, 0.010129488427302925, 0.010169307520313442, 0.010208263978956654, 0.010246357728931173, 0.010283588569739096, 0.010319956497592092, 0.010355461283344403, 0.010390103249982307, 0.010423882668109534, 0.01045679997330206, 0.010488855611790542, 0.010520050104098136, 0.010550384063741147, 0.010579858461565539, 0.010608474231061333, 0.010636232311622045, 0.010663133758672465, 0.010689179750769166, 0.010714371721281585, 0.010738711057625252, 0.010762199266869808, 0.010784837900087805, 0.010806628620704082, 0.010827573336991195, 0.010847673914607947, 0.010866932330544867, 0.010885350674322723, 0.010902931081970331, 0.01091967591383222, 0.010935587433156573, 0.010950668125218947, 0.010964920482811296, 0.01097834716475862, 0.010990950843273615, 0.011002734283306491, 0.011013700340014953, 0.011023852026794472, 0.011033192249446412, 0.01104172410916252, 0.011049450739747326, 0.011056375394212756, 0.011062501410005419, 0.011067832071205808, 0.01107237080475123, 0.011076121178325841, 0.011079086790540205, 0.011081271304242272, 0.011082678359792552, 0.011083311805969663, 0.011083175524694726, 0.011082273424951961, 0.011080609496900408, 0.011078187746710105, 0.011075012355351155, 0.011071087505083278, 0.011066417422292583, 0.011061006383901182, 0.011054858811275537, 0.011047979167171809, 0.011040371949306722, 0.01103204157208772, 0.011022992754090785, 0.011013230147062635, 0.011002758473982044, 0.010991582455389165, 0.010979706913587215, 0.010967136716353585, 0.010953876878245714, 0.010939932278044533, 0.010925307972523947, 0.010910008950655456, 0.010894040389651033, 0.010877407362938823, 0.010860115066158794, 0.010842168748756369, 0.01082357366446689, 0.010804334984079995, 0.010784458113089713, 0.01076394839251488, 0.010742811268095726, 0.010721051973428508, 0.010698675939376009, 0.010675688652808362, 0.010652095606468688, 0.010627902300237177, 0.010603114111669011, 0.010577736484492752, 0.01055177503661606, 0.010525235298131512, 0.010498122704993444, 0.010470442743428168, 0.010442200894742898, 0.010413402695768589, 0.010384053630979662, 0.010354159236535309, 0.010323724892548408, 0.01029275600662969, 0.01026125799729874, 0.01022923635888778, 0.010196696476463847, 0.010163643724034539, 0.01013008318439184, 0.010096020440224783, 0.01006146069476808, 0.010026409418352816, 0.009990871563842995, 0.009954852442881348, 0.00991835719856063, 0.009881391089735642, 0.009843959188039854, 0.009806066688557498, 0.009767718421568733, 0.009728919632503445, 0.009689675208742704, 0.009649990462578601, 0.009609870059414109, 0.009569319045566241, 0.009528342108306413, 0.009486944549849045, 0.009445131066018513, 0.00940290668622957, 0.009360275752473052, 0.00931724345512825, 0.009273814435079278, 0.009229993762694531, 0.009185786015283472, 0.009141196040872223, 0.009096228241627362, 0.00905088767465521, 0.009005178862289161, 0.008959106757838333, 0.008912675660996528, 0.008865890277734606, 0.008818754975777285, 0.008771274808187523, 0.008723453935860385, 0.008675296976512942, 0.008626807940235874, 0.008577991776074928, 0.00852885255088271, 0.008479394778543729, 0.008429622443460896, 0.008379539753202847, 0.008329150697027493, 0.008278459603101978, 0.008227470487216703, 0.008176187317995617, 0.008124613568532744, 0.008072753450539757, 0.008020610725332684, 0.007968189203110232, 0.007915492158011227, 0.007862523112494992, 0.00780928553066533, 0.007755783183026572, 0.007702019263715885, 0.007647997129370426, 0.00759371970134734, 0.007539190207009898, 0.007484411999475794, 0.0074293881103356454, 0.007374121468569481, 0.007318614655844996, 0.007262870787824037, 0.007206892746195778, 0.007150683684085274, 0.007094245784781223, 0.007037581796873101, 0.006980694432739051, 0.006923586389608565, 0.006866260161572733, 0.006808718405419889, 0.0067509631444524635, 0.006692996761149362, 0.006634821445316768, 0.006576440052515209, 0.006517853966668425, 0.00645906531372847, 0.006400075337610035, 0.006340886392281619, 0.006281499499747333, 0.0062219164276317695, 0.006162137409149374, 0.006102163940409933, 0.006041996398677666, 0.005981636342942381, 0.005921083644378479, 0.005860339082604027, 0.005799402396396539, 0.00573827509059596, 0.005676957671810674, 0.005615451120063296, 0.005553755350332256, 0.005491871998370462, 0.005429801670022832, 0.0053675466616911315, 0.005305107511529324, 0.005242486056588809, 0.005179682140181505, 0.005116697968045934, 0.0050535341201388235, 0.004990193134519111, 0.0049266745471751566, 0.004862980120230083, 0.004799110747533188, 0.0047350683995984735, 0.004670854077299678, 0.004606469378951586, 0.0045419145461266085, 0.004477191540129108, 0.0044123012992844345, 0.004347245906098052, 0.004282025275431306, 0.0042166408489379414, 0.0041510932884861315, 0.004085385311161633, 0.004019518699520087, 0.003953496336249508, 0.003887319989899095, 0.0038209939518280747, 0.003754521826153637, 0.0036879089357585004, 0.003621158848328, 0.00355427609178449, 0.0034872656484304936, 0.003420134141944346, 0.0033528883465395905, 0.0032855344486712773, 0.003218079987396046, 0.003150532674235481, 0.00308290175334653, 0.0030151968514554226, 0.0029474284019716424, 0.0028796070670440237, 0.0028117453780565054, 0.002743858807211838, 0.0026759651065282383, 0.0026080830118095344, 0.002540233665353895, 0.0024724415841895454, 0.002404735029246575, 0.0023371443376303397, 0.002269706490008567, 0.0022024581154249843, 0.0021354446080886014, 0.002068714911608437, 0.0020023278699370763, 0.001936346394621451, 0.0018708439489984198, 0.0018059001473868608, 0.00174161312528713, 0.0016780911340783986, 0.0016154641242302709, 0.0015538758521993093, 0.0014934992183782262, 0.0014345298976284648, 0.0013771991877303423, 0.0013217670853758986, 0.0012685344364024135, 0.0012178397263104702, 0.001170072615975287, 0.001125661118673514, 0.0010850815400204317, 0.001048832885051626, 0.0010174445097080216, 0.0009914364968379914, 0.0009713170981410096, 0.0009575206985370767, 0.00095039796277713, 0.0009501626572617771, 0.0009568964895525254, 0.0009705236807042039, 0.0009908355476432853, 0.0010174950937317244, 0.0010500850002489312, 0.0010881320486975344, 0.0011311505560241669, 0.0011786516013321026, 0.0012301703853689627, 0.001285269664206019, 0.0013435605618392688, 0.0014046903135886478, 0.0014683537086915026, 0.0015342756391777805, 0.0016022208951268148, 0.0016719808097025186, 0.0017433776495377612, 0.001816254863621321, 0.0018904774046989464, 0.0019659218572647117, 0.0020424852226530866, 0.0021200745967682533, 0.0021986098879392428, 0.0022780180447874838, 0.0023582353375546984, 0.0024392054730879194, 0.002520879768801586, 0.00260321604534096, 0.002686174818624733, 0.0027697205591290914, 0.0028538209121185404, 0.0029384472894168523, 0.0030235732775229273, 0.0031091739649139996, 0.003195226471694081, 0.003281708496974243, 0.003368600322194507, 0.0034558844495995076, 0.0035435444092088283, 0.003631564653776471, 0.003719929787983082, 0.0038086273866191184, 0.0038976441720871588, 0.003986968670207721, 0.004076588254345408, 0.0041664916048323375, 0.00425666652313413, 0.004347103410383557, 0.004437790852024967, 0.0045287191014963405, 0.004619876979886657, 0.004711255898977182, 0.0048028465894880135, 0.004894641181412559, 0.004986630269715857, 0.005078805443403107, 0.005171157391491148, 0.005263678678929842, 0.005356359632758615, 0.005449191914779962, 0.005542166061343155, 0.0056352736904893026, 0.005728506263545711, 0.00582185639260656, 0.005915315085734282, 0.006008875075259925, 0.006102527221023324, 0.006196264789501483, 0.006290078913345067, 0.006383962122908899, 0.006477904718795061, 0.006571898738715227, 0.006665935204176588, 0.006760006456920364, 0.006854103826920156, 0.006948219267825773, 0.007042344213748987, 0.007136471037675464, 0.0072305912114787735, 0.007324696785397571, 0.007418778570631172, 0.007512828221012394, 0.007606836824115229, 0.007700796126842589, 0.007794696939533051, 0.007888530883859395, 0.007982288941530946, 0.008075963018780894, 0.00816954434084695, 0.0082630247102757, 0.008356394946233525, 0.008449646317016004, 0.008542769617147374, 0.008635756159791685, 0.008728596686891927, 0.00882128198863028, 0.008913802879565228, 0.009006150650601294, 0.009098316426341232, 0.009190291330777076, 0.009282066355270803, 0.009373632121056429, 0.00946497947206801, 0.009556099031340887, 0.009646981605586797, 0.009737617443411744, 0.009827997145435533, 0.009918111346024683, 0.01000795077307829, 0.010097506514885739, 0.010186769064568023, 0.010275728762356592, 0.010364376264323098, 0.010452701942800466, 0.010540696379735997, 0.01062834968614299, 0.010715652180139439, 0.010802593927604744, 0.010889165861661694, 0.010975358307678615, 0.011061161952104168, 0.011146566832097493, 0.01123156350925055, 0.011316142113417095, 0.011400293219786257, 0.011484006864383129, 0.01156727341102993, 0.01165008275112364, 0.01173242569369956, 0.011814292468834389, 0.011895673635022289, 0.011976559359010425, 0.012056940223041783, 0.012136806334987364, 0.012216148227057707, 0.012294956054309828, 0.012373220176034193, 0.012450930677857618, 0.012528078369745633, 0.012604653647745689, 0.012680647332130942, 0.012756049676523716, 0.012830851404342338, 0.012905042895968086, 0.012978615097718579, 0.013051558363723362, 0.013123863582105223, 0.01319552116748356, 0.0132665223632911, 0.013336857985556335, 0.013406519224016911, 0.013475497028438152, 0.01354378250147527, 0.013611366755087706, 0.013678241059111113, 0.013744396607068554, 0.01380982470249388, 0.013874516600229148, 0.013938463995445164, 0.014001658360815168, 0.014064091590374956, 0.014125755368475958, 0.0141866414395113, 0.014246741610041708, 0.014306047876043546, 0.014364552082145017, 0.014422246402768653, 0.01447912287115102, 0.01453517378118502, 0.0145903915710057, 0.014644768746221434, 0.014698297778490955, 0.014750971230333162, 0.014802781692106911, 0.014853721809311228, 0.0149037843808217, 0.014952962304075775, 0.015001248584182812, 0.015048636161468917, 0.015095118363746517, 0.015140688427325055, 0.015185339723753433, 0.015229065570037385, 0.015271859422451213, 0.015313714754758042, 0.015354625309886622, 0.015394584864913, 0.015433587296126592, 0.015471626558986354, 0.015508696847248952, 0.01554479234109401, 0.015579907418902578, 0.015614036437050439, 0.015647173846550257, 0.01567931422727758, 0.015710452474063875, 0.015740583464369785, 0.015769702374981646, 0.015797804244551503, 0.015824884493243506, 0.015850938498443212, 0.015875961962356785, 0.015899950514697676, 0.015922900009763673, 0.015944806421890084, 0.015965666006994356, 0.015985475003890935, 0.016004229904657472, 0.016021927154135022, 0.01603856348916258, 0.016054135651708202, 0.016068640573955385, 0.016082075158140828, 0.01609443654910648, 0.016105722017662943, 0.01611592898981846, 0.016125054958426106, 0.01613309761633614, 0.016140054691824057, 0.01614592416998768, 0.01615070411318249, 0.016154392759685672, 0.01615698856108458, 0.016158490225038548, 0.01615889653980355, 0.01615820661582727, 0.016156419659044758, 0.01615353510239924, 0.0161495525110368, 0.016144471624949377, 0.016138292334386174, 0.016131014694023345, 0.01612263897731256, 0.016113165543885966, 0.01610259487573064, 0.016090927740078524, 0.016078165056119496, 0.016064307908767343, 0.01604935761386467, 0.01603331568741221, 0.01601618391695494, 0.015997964325350243, 0.015978659111943388, 0.015958270648786934, 0.01593680154032846, 0.015914254634991257, 0.015890632919516832, 0.01586593958658408, 0.015840178084585207, 0.015813352042288162, 0.015785465352734264, 0.015756522134812247, 0.015726526690994513, 0.01569548374615451, 0.01566339826324754, 0.01563027544771491, 0.015596120719626514])


DVDM実行時間: 342.3807716250012
初期値に対するノルムの最大誤差: 2.923146169564461e-10
初期値に対するノルムの最大誤差比: 4.561899170985792e-10
初期値に対するエネルギーの最大誤差: 1.1624452067593438e-08
初期値に対するノルムの最大誤差比: 1.5608740510662616e-08
各要素の最大誤差: 0.022348777882689738 0.016123582303497884
各要素の最大誤差比: 0.027919102922177405 0.014166092029989252

t: 8.0 , 0.010877303732549876 0.007242562766665833 , 0.013590978355357495 0.006361078929706978
t: 16.0 , 0.015248784526493493 0.011060251259209838 , 0.019057038653821187 0.009710399011212472
t: 24.0 , 0.019722807653014134 0.0017159877736364643 , 0.024643242825142738 0.0015071391230136236
t: 32.0 , 0.022348777882689738 0.015560184190440422 , 0.027919102922177405 0.013671084850515339

(0.04716342650036864,
[2.8399709971830754e-16, 1.0954085318392276e-05, 1.2346402217252702e-05, 1.5552586270790757e-05, 1.767337729963381e-05, 2.092252476690989e-05, 2.4185047602877623e-05, 2.8406674735025894e-05, 3.310497113440504e-05, 3.867613724024194e-05, 4.4907585306949225e-05, 5.194932885644778e-05, 5.971334297798102e-05, 6.824622670547524e-05, 7.751570014838617e-05, 8.752886304274974e-05, 9.827579457809354e-05, 0.00010975161292070895, 0.00012195255069506293, 0.00013487349019190056, 0.00014850915982292623, 0.00016285930320294328, 0.0001779135810827996, 0.00019367830005636671, 0.00021013697237664942, 0.00022730268207548987, 0.00024515266184415343, 0.00026370633197201563, 0.0002829350460471402, 0.00030286391359080615, 0.00032345902849982626, 0.00034475030482751724, 0.0003666993801815405, 0.00038934015616768063, 0.00041263053545276507, 0.0004366076007103007, 0.0004612262526689593, 0.00048652604665259524, 0.0005124595429836773, 0.000539068043127503, 0.0005663024457052572, 0.0005942051995086407, 0.0006227260738000572, 0.0006519080914704887, 0.0006817004320573079, 0.0007121462073705288, 0.0007431944808526023, 0.000774887979170422, 0.0008071760677210784, 0.000840100708947663, 0.0008736119291817137, 0.0009077505614337654, 0.0009424676377424454, 0.000977802560142307, 0.0010137076438873334, 0.0010502205969801092, 0.0010872953330529223, 0.0011249676897477092, 0.001163193267392913, 0.0012020054057662892, 0.0012413613185359984, 0.0012812925053372762, 0.0013217600467662588, 0.0013627945308565149, 0.0014043570916371672, 0.0014464687140548955, 0.0014890879222243137, 0.0015322416973790809, 0.0015759123357453602, 0.001620133660370126, 0.0016648636006536986, 0.001710088878988258, 0.0017557661167092464, 0.0018019361581246341, 0.0018486094036429688, 0.0018957979948659668, 0.0019434492612793086, 0.001991565693826431, 0.0020401477225127263, 0.002089203801338487, 0.002138687606726724, 0.0021885976808622832, 0.002238945505629387, 0.002289739867577141, 0.0023409452348395754, 0.0023925640308765563, 0.002444611184486497, 0.0024970778390233867, 0.0025499322002722554, 0.002603180541180507, 0.0026568313522775102, 0.002710856172694418, 0.0027652392775514333, 0.002819992462311417, 0.0028751106137078343, 0.002930560646198523, 0.0029863538803597107, 0.0030424920219006106, 0.0030989562598575607, 0.003155730260426766, 0.0032128377026696135, 0.0032702519721940462, 0.0033279633765426293, 0.003385973904649342, 0.003444287529571648, 0.0035028660587009533, 0.003561728573912401, 0.0036208622223488037, 0.003680252732859636, 0.0037398859761768786, 0.0037997815017399676, 0.0038598983081576284, 0.003920245700574449, 0.0039808165916001845, 0.004041602669238587, 0.004102578922782448, 0.004163770738905143, 0.004225140758403361, 0.004286693591594845, 0.004348423052090771, 0.004410325567066133, 0.004472372597200499, 0.00453459014112416, 0.004596942903304174, 0.004659434436278671, 0.004722058034554612, 0.00478481019083242, 0.0048476643614593735, 0.004910644512667041, 0.004973714760814094, 0.00503687914341482, 0.005100129096958557, 0.005163458476761976, 0.0052268499380122985, 0.005290324501857003, 0.005353843044466008, 0.005417406873950488, 0.005481001044813434, 0.005544621286552944, 0.005608270347614823, 0.005671963138356882, 0.005735654302880009, 0.005799339307251648, 0.005862998501404267, 0.005926636669884616, 0.005990265137076636, 0.0060538756952188124, 0.006117433900025439, 0.006180954711355056, 0.006244423492092347, 0.006307833888793875, 0.006371171041019841, 0.006434416200670618, 0.006497575068483354, 0.006560658798828804, 0.006623635053128661, 0.006686504985557637, 0.006749269677244294, 0.0068119186009052, 0.006874445056562632, 0.006936827413304465, 0.006999062716201095, 0.0070611601107310115, 0.007123091548474171, 0.007184848661128, 0.007246444566003497, 0.007307862101839462, 0.007369098015798218, 0.007430140026390295, 0.007490988341595512, 0.007551642775314679, 0.007612080638306096, 0.007672293230004678, 0.0077322960900654564, 0.007792057260182349, 0.007851576569862078, 0.00791085010867135, 0.007969873767815763, 0.008028636300824439, 0.008087131036753582, 0.008145354556664104, 0.00820331413794787, 0.0082609759156108, 0.008318357480074548, 0.008375449683995104, 0.00843223725765567, 0.008488715545267552, 0.00854488830871471, 0.008600736680934966, 0.008656262538903038, 0.00871144748866237, 0.008766307035426774, 0.008820814088555392, 0.008874969213349342, 0.008928776357332795, 0.008982222481126692, 0.009035293366012916, 0.00908800687878535, 0.00914033911597995, 0.00919229702093011, 0.009243866655839223, 0.009295052097464134, 0.0093458370158446, 0.00939622007822946, 0.00944620839795363, 0.009495797570921881, 0.009544962441557713, 0.009593716049401894, 0.00964202969183808, 0.009689913640397342, 0.009737378527617632, 0.009784419502098895, 0.009831017055776879, 0.009877162271410327, 0.009922850553621432, 0.009968090148843674, 0.010012872308110238, 0.010057208390630248, 0.010101073356283179, 0.010144474193262242, 0.01018742239934289, 0.010229896360491025, 0.010271887785400054, 0.010313402068473414, 0.010354432785524184, 0.010394988864988366, 0.010435059233973913, 0.01047464266390034, 0.010513737182555324, 0.010552348385593371, 0.010590470328719846, 0.010628080881202755, 0.010665195652463348, 0.010701814784695153, 0.010737921581381581, 0.01077352531788978, 0.010808621470342512, 0.010843212522630277, 0.010877303732549876, 0.010910878689246355, 0.010943945296029616, 0.01097650388047373, 0.011008553827639007, 0.011040080157613083, 0.011071092222766416, 0.011101597827038448, 0.011131581924634254, 0.011161048556205016, 0.01119000945221358, 0.011218451934901215, 0.011246390792849517, 0.011273810496932117, 0.011300722295857785, 0.011327128870269616, 0.011353021239267054, 0.011378398244489439, 0.011403272401845585, 0.011427636745386485, 0.01145148895025729, 0.011474831830352023, 0.01149768115289084, 0.011520015937874708, 0.011541855565246546, 0.011563196751279665, 0.011584043129469377, 0.011604397062250133, 0.011624254772091534, 0.011643623133186246, 0.011662511078034466, 0.011680903317134754, 0.01169882235136904, 0.011716260792699407, 0.011733217567954592, 0.01174968987805709, 0.011765700298991726, 0.011781246263977085, 0.01179633208203148, 0.011810964445522449, 0.011825135316912865, 0.01183884466670487, 0.011852114817433538, 0.01186494765805804, 0.011877361078979416, 0.011889334090019953, 0.01190087653680214, 0.011911998890757393, 0.011922699808387092, 0.011932989636816134, 0.011942876137466172, 0.011952355434765645, 0.011961441898059684, 0.011970147873502196, 0.011978471933101765, 0.011986404635622262, 0.011993970037296603, 0.01200116967416332, 0.012008012598456947, 0.012014505151268161, 0.012020649931562091, 0.012026466602524929, 0.012031953954330663, 0.0120371194759305, 0.012041969372782268, 0.01204650064867377, 0.012050737450951539, 0.01205468098996661, 0.012058328413404247, 0.012061699077144893, 0.012064806550891167, 0.012067651788103859, 0.012070237671836504, 0.01207258403897891, 0.012074689188581159, 0.012076568082838907, 0.012078224078342713, 0.012079663435317876, 0.012080905360760463, 0.012081954646831282, 0.01208282047757598, 0.012083513308095623, 0.01208404199581826, 0.012084428636199839, 0.012084660121926051, 0.012084758713233135, 0.012084737348655821, 0.012084597506055875, 0.012084345546169448, 0.012084001532395113, 0.01208357043741482, 0.012083062754573782, 0.012082490259382255, 0.01208186215851121, 0.01208119015898962, 0.012080490964598746, 0.012079759698952714, 0.012079023930434994, 0.01207828401702972, 0.012077551441634546, 0.01207683169861645, 0.012076143195149023, 0.012075502073366273, 0.01207490834412027, 0.012074375631396659, 0.012073921122065543, 0.012073539574891084, 0.01207325775154016, 0.012073089428908413, 0.012073046008355072, 0.012073126634014195, 0.01207334271949013, 0.01207369863100012, 0.012074219416803833, 0.012074913423641928, 0.012075786670821697, 0.012076854383429697, 0.012078117993094785, 0.01207958814828168, 0.01208128565432162, 0.012083211729701187, 0.01208537840010769, 0.012087792390594418, 0.012090480894504093, 0.012093443267953325, 0.012096682943491298, 0.012100216663008683, 0.012104047830662561, 0.012108188220242667, 0.01211265002320306, 0.012117437122337467, 0.01212256048020971, 0.012128033890212228, 0.012133864665841558, 0.012140058741620949, 0.012146623597807486, 0.012153563439767834, 0.012160898592004109, 0.01216862785522696, 0.012176754043552299, 0.012185297976846364, 0.012194261440699575, 0.012203652351322513, 0.012213472665250405, 0.012223733984472027, 0.012234438987313299, 0.012245591697679623, 0.01225720180131977, 0.012269267197802075, 0.01228179851177229, 0.012294805965185177, 0.012308285327393108, 0.012322245589823679, 0.012336692881219198, 0.012351632130728776, 0.012367061821945115, 0.012382987972767675, 0.012399411957739344, 0.012416343518363815, 0.012433774526479714, 0.012451712770942263, 0.012470165999957112, 0.012489128714742573, 0.012508605523239838, 0.012528598558369679, 0.012549105605520267, 0.012570132251213437, 0.012591674159685757, 0.012613734512932722, 0.012636307890831087, 0.012659400440704838, 0.012683003723636198, 0.012707120682696351, 0.012731757102182753, 0.012756907660586455, 0.012782565876457486, 0.012808732898581969, 0.012835405476051534, 0.012862583601825465, 0.012890265483253269, 0.012918448884133179, 0.012947127193615973, 0.01297629331675838, 0.01300594233799676, 0.013036080116040589, 0.013066695373933368, 0.013097787193795628, 0.013129349124975343, 0.013161375247188939, 0.01319386445362364, 0.013226807762474268, 0.01326019861520364, 0.013294033138917517, 0.013328305941309394, 0.013363011191462201, 0.013398142719694165, 0.013433695398022414, 0.01346965666240131, 0.013506024410942789, 0.01354279300341324, 0.013579952227124383, 0.013617495103407143, 0.013655417284094168, 0.013693711547106408, 0.013732369542142452, 0.01377138268627983, 0.013810742956320194, 0.01385044387943626, 0.013890474867158888, 0.013930829486746479, 0.01397149840050232, 0.014012472934301738, 0.014053747677091416, 0.014095311324743419, 0.014137156371868844, 0.014179274002411252, 0.014221654913298555, 0.014264292120003515, 0.014307174695639, 0.014350294261149038, 0.014393642966924214, 0.014437212787354419, 0.014480992464563441, 0.014524974359849278, 0.014569150202636704, 0.01461350972106092, 0.014658043824625424, 0.014702743852192444, 0.014747600217473957, 0.014792604192206023, 0.014837746678186086, 0.014883018572545786, 0.014928411180863955, 0.014973915646744995, 0.015019522732910557, 0.015065223502029481, 0.015111008814741861, 0.01515687019242178, 0.015202798387569699, 0.015248784526493493, 0.015294819755902044, 0.015340895304336083, 0.015387002425378745, 0.015433132618858099, 0.015479277140055892, 0.015525427169960027, 0.015571574819799759, 0.015617711399934946, 0.01566382836943389, 0.015709917280835862, 0.01575597028019287, 0.01580197826274527, 0.015847934364859362, 0.015893830290000945, 0.015939657804818715, 0.015985408958765723, 0.016031076018500446, 0.016076650629507767, 0.016122126282330302, 0.01616749476536287, 0.016212747734993056, 0.016257879191063078, 0.016302882105934387, 0.016347749288857297, 0.016392472353110168, 0.0164370441376797, 0.01648145988773207, 0.016525710000837628, 0.016569789980067196, 0.01661369188156199, 0.016657409655300052, 0.016700937190246946, 0.016744267301451413, 0.016787395391802934, 0.01683031252512219, 0.016873013207877197, 0.016915494137084004, 0.01695774819611483, 0.016999768158795545, 0.017041550802223727, 0.017083090222635166, 0.017124380543112536, 0.017165417031962223, 0.01720619192952164, 0.017246701995962545, 0.017286943755710257, 0.017326909674537077, 0.01736659523056755, 0.017405998897211967, 0.0174451143530497, 0.017483936640468156, 0.01752246378628379, 0.01756068793282347, 0.01759860843083007, 0.017636218625662, 0.01767351743478949, 0.01771049776827308, 0.017747157118988117, 0.017783495965675508, 0.017819506319606007, 0.017855185950925705, 0.017890532947558168, 0.017925544145528632, 0.01796021577876131, 0.01799454171490787, 0.0180285260673277, 0.018062163759443327, 0.0180954516647438, 0.01812838754281172, 0.018160969895008268, 0.01819319501205111, 0.0182250660151837, 0.018256576144006564, 0.018287726844289615, 0.01831851422858071, 0.018348932332244577, 0.018378982065397485, 0.018408666358645423, 0.01843798229030761, 0.018466929674869296, 0.01849550576830239, 0.018523705060615472, 0.018551532785176933, 0.018578990585084672, 0.0186060708222254, 0.01863277939604682, 0.01865911157603838, 0.01868507060931141, 0.018710650508531934, 0.01873585651570095, 0.018760687390362185, 0.018785138012824568, 0.01880921569111436, 0.018832921999787085, 0.01885625528879767, 0.01887921302984919, 0.018901795994588678, 0.01892400876322164, 0.018945848641810835, 0.01896731692126783, 0.018988414827740795, 0.019009143936943744, 0.019029508927463763, 0.019049509463050524, 0.01906914229975874, 0.019088415244403002, 0.019107324411749657, 0.019125874827170965, 0.019144068643027225, 0.01916190362290044, 0.01917938574983978, 0.019196516417078004, 0.019213296490718474, 0.019229727551618767, 0.019245812799007177, 0.019261547718839773, 0.019276947099206857, 0.01929200732979356, 0.019306725213726648, 0.019321114845388232, 0.01933517631429422, 0.01934891089204243, 0.019362317533125464, 0.019375404177203383, 0.019388173879015952, 0.01940062292549588, 0.019412760748124133, 0.019424585408569388, 0.019436103816826932, 0.019447318866159906, 0.01945823441131841, 0.01946885220319473, 0.019479178190430366, 0.01948921280103389, 0.019498960762289224, 0.019508420923464227, 0.019517604596044805, 0.01952651235590689, 0.019535149748948148, 0.01954351742545739, 0.01955161415779005, 0.019559453943812276, 0.01956703909474426, 0.019574371056637944, 0.019581456977173308, 0.01958829443878267, 0.019594889785858053, 0.01960124309082694, 0.019607366327843663, 0.01961326675271444, 0.019618948952934475, 0.01962440018016359, 0.019629641261716072, 0.019634672515017725, 0.019639491681162607, 0.019644111837762566, 0.019648530516192527, 0.01965275325721926, 0.019656787999083998, 0.019660637008826365, 0.01966430282554361, 0.019667787530740798, 0.0196711027039423, 0.019674249154590363, 0.01967723512012881, 0.01968006576023822, 0.019682740458486163, 0.019685262581403143, 0.019687640754373764, 0.01968987538706588, 0.019691972727658612, 0.019693930012244953, 0.01969576146409703, 0.019697471358829623, 0.019699061798958386, 0.019700533153891114, 0.019701889306439395, 0.019703145238634232, 0.019704291565499847, 0.019705337036363464, 0.019706288420730977, 0.01970714910074471, 0.01970792442517722, 0.019708617242663328, 0.01970923327945147, 0.019709773656621854, 0.019710243209339603, 0.019710647850275646, 0.019710994105714502, 0.019711275142077277, 0.019711506658565997, 0.0197116944669035, 0.01971182827910003, 0.01971192553153292, 0.01971197948779961, 0.019711997494972582, 0.019711987798395843, 0.01971194661797582, 0.01971187617927648, 0.019711790380714213, 0.019711689262180504, 0.019711574927068258, 0.019711449454549897, 0.019711324478349102, 0.019711192954316687, 0.019711056684769458, 0.01971092140633701, 0.019710792177494434, 0.019710676600883843, 0.019710568456686468, 0.01971047305912952, 0.019710393873785554, 0.01971033173486526, 0.019710299864506824, 0.01971029573660944, 0.019710325071715735, 0.01971037684746181, 0.01971046608433231, 0.0197105881936098, 0.019710749563320577, 0.019710959246600913, 0.01971121621654876, 0.019711514549547487, 0.019711859967010276, 0.019712259022045726, 0.01971271088007024, 0.01971321278549481, 0.019713766915303996, 0.01971438378749354, 0.01971506177052841, 0.019715799457701466, 0.019716601993671968, 0.019717460910886154, 0.01971839285929986, 0.019719391455044904, 0.01972045537535933, 0.019721597121719444, 0.019722807653014134, 0.019724084053754812, 0.0197254421119971, 0.019726869739061435, 0.019728370135591675, 0.019729945426826205, 0.019731602107025088, 0.01973334075384336, 0.019735158632032995, 0.019737059533698073, 0.019739037010832735, 0.019741100935467413, 0.019743243360877013, 0.019745465372418048, 0.01974776623765075, 0.019750148558253643, 0.01975262033907952, 0.01975516936999706, 0.019757800137901554, 0.01976051579106937, 0.01976331764828114, 0.019766197627156312, 0.019769160093818124, 0.019772210584617003, 0.0197753412383164, 0.019778557583951882, 0.01978185923190608, 0.01978524300766825, 0.019788706829389505, 0.019792257734622613, 0.019795889155637784, 0.019799603129094966, 0.019803393773834003, 0.019807267890983773, 0.019811225462593934, 0.019815263254892874, 0.01981938181515235, 0.01982358098975045, 0.019827858921767333, 0.019832212177843866, 0.019836634382698993, 0.019841142804759695, 0.01984573216022201, 0.019850391474017372, 0.019855131181838275, 0.019859939984057027, 0.019864824475163738, 0.01986979306225357, 0.01987483027151525, 0.019879944268240163, 0.019885125437134787, 0.019890375547269683, 0.019895688046497363, 0.019901075616752077, 0.019906531635479775, 0.019912053736581118, 0.01991764248938095, 0.01992329759483158, 0.019929020563219733, 0.019934804542238914, 0.019940651686784234, 0.019946561029747678, 0.019952530914504996, 0.019958568272703425, 0.019964667983648567, 0.019970822277468873, 0.019977033259513884, 0.019983308793800923, 0.0199896399724869, 0.019996025896857235, 0.020002469943880823, 0.020008972776120394, 0.020015528630697933, 0.02002214194875196, 0.020028807855673455, 0.020035528813055314, 0.020042302335457732, 0.020049130229833054, 0.02005601646046006, 0.020062956611720858, 0.020069946451002213, 0.02007699016213531, 0.020084087453740036, 0.020091233537803028, 0.02009842737919059, 0.020105669089000536, 0.020112966510453065, 0.020120310899328565, 0.020127709700092703, 0.020135156263990282, 0.02014265224946675, 0.02015020653580664, 0.020157801245442683, 0.020165448139624623, 0.020173146064159046, 0.02018089157495544, 0.020188690375093032, 0.020196538379380943, 0.020204435413468266, 0.020212385068988828, 0.020220390608992635, 0.020228444294342826, 0.020236552377513845, 0.02024471332795032, 0.020252927999422264, 0.020261196281018055, 0.020269523243280956, 0.020277907493795516, 0.020286346609621756, 0.020294840003519648, 0.020303391764774113, 0.020311995818772067, 0.020320660005167905, 0.02032938992005649, 0.020338178943406077, 0.020347023634057042, 0.020355930758080534, 0.02036490415303454, 0.020373942648263935, 0.02038304759036706, 0.020392218969512266, 0.020401456901317606, 0.020410763004138344, 0.0204201361546473, 0.020429583700192957, 0.020439105158017546, 0.02044870123824133, 0.020458372201830916, 0.020468124156568963, 0.020477952244796812, 0.02048786196305145, 0.02049784700908345, 0.02050791434412999, 0.020518067075025466, 0.020528305107601612, 0.020538630881931353, 0.020549041257242055, 0.020559544732324114, 0.020570138333233293, 0.02058082621974127, 0.02059161029351857, 0.020602487120221995, 0.020613467667908975, 0.020624547844178293, 0.020635728556646585, 0.020647014094271957, 0.020658402256283587, 0.02066989706805888, 0.020681503128040075, 0.020693216525152526, 0.02070504279729987, 0.020716984474001724, 0.020729039962075358, 0.020741211790716023, 0.020753504448408816, 0.020765915353157503, 0.020778446871036728, 0.02079110446659993, 0.020803890268927483, 0.020816802631476214, 0.020829842618534967, 0.020843017798626694, 0.020856324186574498, 0.02086976293037136, 0.02088333636930379, 0.020897047440110186, 0.020910896791859146, 0.020924886827979345, 0.02093901742461771, 0.020953291262939443, 0.020967711714874368, 0.020982278212889706, 0.020996992938404728, 0.021011855885165853, 0.0210268687822939, 0.02104203259627319, 0.021057349442464617, 0.02107282042515149, 0.021088447470953706, 0.021104231443219414, 0.021120170092041413, 0.021136267866685047, 0.021152523126140632, 0.021168941194665707, 0.021185521247634797, 0.021202263322998908, 0.021219168102939896, 0.021236235950265532, 0.021253469429332594, 0.02127086908783216, 0.02128843494433791, 0.02130616722374426, 0.021324065666983794, 0.021342133040869998, 0.021360367295624055, 0.021378770122680767, 0.021397342748218095, 0.021416084255480305, 0.021434996247876953, 0.021454077483137237, 0.021473328561168084, 0.02149274982523506, 0.021512338504044375, 0.021532096132136774, 0.02155202395910064, 0.02157212012636137, 0.021592383690456848, 0.021612815826621803, 0.021633414811232533, 0.02165418061352982, 0.02167511206764972, 0.02169620860415563, 0.021717469180641942, 0.021738893421617046, 0.02176048042454266, 0.02178222865268667, 0.021804137257096907, 0.02182620521407928, 0.02184843129575316, 0.02187081420382473, 0.021893352715522323, 0.02191604526643202, 0.021938890460684462, 0.021961886649024077, 0.021985032116619223, 0.02200832506142822, 0.02203176373576174, 0.022055346187610837, 0.022079070561657758, 0.02210293470885311, 0.02212693673398706, 0.02215107430525277, 0.02217534530058644, 0.02219974743039275, 0.0222242781820043, 0.022248935835982184, 0.022273717068610865, 0.022298619411950753, 0.022323640603006078, 0.022348777882689738],
[3.859256176596033e-17, 0.00011940291307681624, 0.00023794017667702456, 0.000356492888676379, 0.0004750008318722601, 0.0005934802980846184, 0.000711865092328566, 0.0008301732270425306, 0.0009483789506847302, 0.0010664844972567693, 0.0011844582924230343, 0.0013023007490233086, 0.0014199906566393012, 0.0015375239309396186, 0.0016548783642069402, 0.0017720491320012298, 0.0018890170800779614, 0.0020057752625144373, 0.0021223055310530614, 0.002238600747748041, 0.002354642950844404, 0.002470423720583673, 0.0025859271005976604, 0.002701144716603019, 0.0028160594563515994, 0.0029306620601852783, 0.0030449379301346127, 0.0031588780002527995, 0.0032724658067216266, 0.0033856916004133273, 0.003498541736985404, 0.0036110067421551125, 0.0037230706964550193, 0.0038347235840647687, 0.003945952474909171, 0.004056747675668996, 0.004167093750984672, 0.004276980555045822, 0.004386395745499767, 0.004495329533895407, 0.004603766928269548, 0.004711697760298621, 0.004819110191995, 0.004925994430291736, 0.005032335912030729, 0.005138124520184951, 0.005243348873038435, 0.005347999243875333, 0.0054520614810655375, 0.00555552558241366, 0.0056583805995835115, 0.005760616927064406, 0.005862220825845023, 0.005963182457912756, 0.006063491288589794, 0.006163137880838967, 0.006262108902202579, 0.0063603947155072465, 0.006457985202942847, 0.006554871148379237, 0.006651039637186082, 0.00674648125086718, 0.006841186247384847, 0.006935145670536679, 0.007028347099441478, 0.007120781434741921, 0.007212439307951155, 0.007303311946383207, 0.007393387284865587, 0.007482656524004765, 0.007571110804677859, 0.00765874179473476, 0.007745537927600138, 0.007831490663623833, 0.007916591460853986, 0.008000832216878055, 0.008084201740769485, 0.008166691888309234, 0.008248294669350727, 0.00832900238538875, 0.008408804345640166, 0.008487692833958997, 0.008565660261574529, 0.008642699251429116, 0.008718799589204029, 0.008793953912996902, 0.008868155061802191, 0.008941396061916271, 0.009013667110766715, 0.009084961232568836, 0.009155271782686113, 0.009224592200589504, 0.009292913185135124, 0.00936022821536189, 0.009426531130663031, 0.009491815853892345, 0.009556073580456475, 0.009619298226777928, 0.00968148416551333, 0.009742625723870938, 0.00980271458225577, 0.009861745145673352, 0.009919712227478287, 0.00997661058759633, 0.010032432413231658, 0.010087172558457837, 0.010140826327723852, 0.010193388927036206, 0.010244853080834716, 0.010295214116995978, 0.010344467844405724, 0.01039260999999082, 0.010439633810287709, 0.01048553511693975, 0.010530310297625316, 0.010573955571190043, 0.010616464710558285, 0.010657834087414829, 0.010698060630675379, 0.010737141059199996, 0.010775069696130651, 0.010811843427916593, 0.010847459675419752, 0.010881915720783246, 0.010915206439241706, 0.010947329204440063, 0.010978281951912833, 0.011008062402486835, 0.011036665962359644, 0.0110640905963397, 0.01109033481294475, 0.011115396797169634, 0.011139272435842191, 0.0111619601457395, 0.01118345893175756, 0.011203767589432355, 0.011222882591005054, 0.011240802919927493, 0.011257528134048272, 0.01127305745710396, 0.011287387815544527, 0.011300518733670774, 0.011312450398606405, 0.011323182658639545, 0.011332713011988897, 0.011341041457024824, 0.011348168744976477, 0.011354095272795817, 0.011358819062259653, 0.011362340722813322, 0.011364661561093581, 0.011365782487412945, 0.01136570211737001, 0.011364421613977275, 0.011361942780892328, 0.011358267094831367, 0.011353393729059079, 0.011347324414073347, 0.011340061571025423, 0.011331607219716513, 0.011321961050445714, 0.011311125288347317, 0.011299102852828397, 0.01128589626324834, 0.01127150571550628, 0.011255933974805506, 0.011239184520220215, 0.011221260369459843, 0.011202162228907093, 0.0111818933911685, 0.011160457873242676, 0.011137859236576488, 0.011114098620893388, 0.011089179806350382, 0.01106310734865029, 0.011035885247047328, 0.011007515099707647, 0.010978001204314558, 0.01094734857140431, 0.010915561701683764, 0.01088264265368061, 0.010848596223729466, 0.010813427975667929, 0.010777142872457231, 0.01073974348345285, 0.01070123515862176, 0.010661623892734621, 0.010620915160099696, 0.010579112048001958, 0.010536220409480643, 0.01049224677168106, 0.010447197015093739, 0.010401074625354582, 0.010353885954077787, 0.01030563803278579, 0.010256337309212183, 0.010205987687791247, 0.01015459592137333, 0.010102169559872646, 0.010048715479268071, 0.009994238030152947, 0.009938744544933712, 0.009882243095899555, 0.009824741053821457, 0.009766243140253882, 0.009706757120046485, 0.009646291557430303, 0.009584854295918443, 0.00952245054929108, 0.00945908848969449, 0.009394777017628681, 0.00932952441898557, 0.009263336266746573, 0.009196221240502206, 0.00912818874978269, 0.00905924738891267, 0.008989402925735001, 0.008918664362255193, 0.008847041576469716, 0.008774543564282379, 0.008701176400003912, 0.00862694961452975, 0.008551873472463372, 0.008475957330717777, 0.008399207570217351, 0.008321633941535341, 0.008243247027215515, 0.00816405656417224, 0.008084069196095531, 0.00800329507090156, 0.007921745246816119, 0.007839429921528173, 0.0077563559346548565, 0.007672533811702694, 0.00758797495699559, 0.00750268974064172, 0.007416685242560133, 0.007329972339154304, 0.007242562766665833, 0.00715446732759017, 0.007065693332212381, 0.006976252053000031, 0.006886155718859831, 0.00679541561056664, 0.006704039290628228, 0.006612038474901173, 0.006519425888011255, 0.006426213141193279, 0.006332408075048084, 0.006238022963907159, 0.0061430709906287375, 0.006047564306801372, 0.005951511124830058, 0.005854924384716856, 0.005757818124838101, 0.005660205190529167, 0.005562094222496144, 0.0054634989784906616, 0.005364434313300937, 0.005264913849378059, 0.005164946843256464, 0.005064548013135765, 0.0049637331223383605, 0.004862516783843656, 0.004760909032968183, 0.0046589258025961965, 0.004556584400179154, 0.004453900907727477, 0.004350886574740448, 0.004247559227436285, 0.004143938101460981, 0.004040041523867346, 0.0039358827714470555, 0.0038314823291222436, 0.003726862487251868, 0.003622044882516994, 0.0035170459137125474, 0.0034118905195336486, 0.0033066065164248093, 0.0032012214441101234, 0.003095757433329266, 0.0029902471557643846, 0.0028847276739170954, 0.00277923769615598, 0.0026738116724424484, 0.0025684980152766005, 0.0024633526136046764, 0.00235843616570541, 0.0022538086696211853, 0.002149551772761206, 0.0020457622001372588, 0.0019425510910437238, 0.0018400399883611274, 0.0017383906295576792, 0.0016378016572644696, 0.0015385145337807422, 0.0014408160554194264, 0.0013450874076056194, 0.0012518163721711715, 0.0011616241947314174, 0.0010752938380316282, 0.0009938619433848188, 0.000918660258475297, 0.0008513565170843475, 0.0007939407854295111, 0.000748691871657105, 0.0007179033544973086, 0.0007034424926425957, 0.000706238451278639, 0.0007260481993491284, 0.0007615032330496152, 0.0008105080749453275, 0.0008707163249901801, 0.0009399485825002838, 0.0010163340330382293, 0.0010983422378636346, 0.0011847415037018441, 0.001274587418486438, 0.0013671453868823876, 0.0014618432405858674, 0.0015582273247703679, 0.0016559622325981883, 0.0017547854366808792, 0.0018544811294877088, 0.0019548582946989548, 0.0020557668575124327, 0.002157080879123468, 0.002258696124717359, 0.002360522041765578, 0.0024624941900571423, 0.002564555031819198, 0.002666647693446231, 0.0027687115138872874, 0.0028707021689698296, 0.0029725847362434645, 0.003074330121674169, 0.00317590549888903, 0.003277283897108318, 0.0033784367822626243, 0.0034793375748579164, 0.003579960864503711, 0.003680292298675121, 0.0037803161819779676, 0.0038800124499103637, 0.003979355956755638, 0.004078331357737545, 0.004176927544992198, 0.004275133224868955, 0.004372929896358521, 0.0044703022695615205, 0.004567236996087749, 0.00466372415928724, 0.004759751259027314, 0.004855307601944425, 0.0049503797955279425, 0.00504495601298758, 0.005139024880933807, 0.005232579711927977, 0.0053256102564046195, 0.005418104148466208, 0.00551004855179671, 0.005601437675601236, 0.005692264604758392, 0.005782518873498444, 0.005872186999949109, 0.005961262545689177, 0.006049740215958237, 0.006137611949756179, 0.006224864948047003, 0.0063114917298451555, 0.00639748729487774, 0.006482845607645329, 0.0065675553379456126, 0.006651608639122608, 0.006735000333658677, 0.006817725656127531, 0.006899774916787317, 0.006981140383164224, 0.007061816543835916, 0.007141799361801995, 0.007221080394196668, 0.00729965244550645, 0.007377510104743969, 0.00745464983757039, 0.007531064210148976, 0.007606746564602371, 0.00768169182418059, 0.007755896902550464, 0.00782935507793771, 0.00790206025017898, 0.007974007746012177, 0.008045194823246017, 0.0081156151579511, 0.008185263149892916, 0.008254134847243308, 0.008322227913817292, 0.008389536230874331, 0.008456054782012655, 0.008521780334651669, 0.008586710719087367, 0.008650839962819042, 0.008714163726086065, 0.00877667970071734, 0.0088383857974595, 0.008899276094604273, 0.00895934725815465, 0.009018597757209777, 0.009077025232134658, 0.009134624039781889, 0.009191392133105264, 0.009247328442318643, 0.009302430187894553, 0.009356692570157936, 0.0094101148886101, 0.009462695964816931, 0.009514432720310044, 0.009565321599714079, 0.009615362768954073, 0.009664554462004865, 0.009712893916903073, 0.009760379291678854, 0.00980701091681238, 0.009852786347612991, 0.00989770404874392, 0.009941763401630369, 0.009984964072394001, 0.010027303818670286, 0.010068782843123923, 0.010109400760293668, 0.010149156569697405, 0.010188049377486947, 0.010226080554804185, 0.010263248867399146, 0.010299553615083881, 0.010334995670506783, 0.010369576229803074, 0.010403293531288976, 0.010436148530981652, 0.010468142820783375, 0.01049927656023822, 0.010529549072820851, 0.01055896292652998, 0.010587518791531013, 0.010615216845977925, 0.010642058324528005, 0.010668045568408599, 0.010693178480870803, 0.010717458989787931, 0.01074088906594744, 0.010763469865934025, 0.010785202392668562, 0.010806089994357606, 0.010826133563787046, 0.010845334673252532, 0.010863696220657535, 0.010881220798043389, 0.010897908959158292, 0.010913764263660601, 0.010928789407414227, 0.010942986077044917, 0.010956356760436473, 0.010968905488799844, 0.010980633664226764, 0.010991544461227111, 0.011001641356464769, 0.01101092693121937, 0.011019403534873322, 0.011027075819978234, 0.011033945936514428, 0.011040016914853646, 0.011045292882202308, 0.011049777294014643, 0.011053472370894657, 0.01105638315698603, 0.011058512825030451, 0.011059864505254792, 0.011060442540732622, 0.011060251259209838, 0.011059293132060537, 0.011057573382898221, 0.011055095895164744, 0.011051864066866637, 0.011047882412337352, 0.011043155892303296, 0.011037687381397652, 0.011031482365459807, 0.011024545238121788, 0.011016879765153479, 0.011008490820236593, 0.0109993838624319, 0.010989561931111565, 0.010979030771689635, 0.010967795326783585, 0.01095585967713383, 0.010943228876948754, 0.010929908737824116, 0.010915902871357713, 0.010901217334221416, 0.010885857026980642, 0.010869826434565718, 0.010853131250345297, 0.010835777265514183, 0.010817768088648145, 0.010799110285889318, 0.01077980908446138, 0.010759869157572113, 0.010739296204486564, 0.01071809602083765, 0.010696272888132963, 0.010673833544202949, 0.010650782549576425, 0.01062712505830201, 0.010602867517530347, 0.010578015298521285, 0.01055257261473082, 0.010526546597452327, 0.010499941939422055, 0.010472764101142862, 0.010445018973667255, 0.010416711668389799, 0.010387847512562626, 0.010358433219869932, 0.010328472445051477, 0.010297971425802353, 0.010266936223092445, 0.010235371390164092, 0.010203282164548843, 0.010170674845519406, 0.010137553620201693, 0.01010392496427265, 0.010069793334010963, 0.010035163637818619, 0.01000004216703287, 0.009964433921587355, 0.009928342711351252, 0.009891775369853131, 0.009854736123956159, 0.009817230229973438, 0.009779262857692895, 0.009740838484660314, 0.009701962541538246, 0.009662640857658302, 0.009622876340340052, 0.009582675394214578, 0.009542043015757947, 0.009500983422878759, 0.009459501737427588, 0.009417602917472274, 0.009375291389529276, 0.009332573353799488, 0.009289451665521104, 0.009245931930762234, 0.009202019873374143, 0.009157719331415579, 0.00911303480227866, 0.009067971849940494, 0.009022534252097203, 0.008976728098801545, 0.008930556551587676, 0.00888402453091312, 0.008837137985393151, 0.008789900637365382, 0.008742316234708452, 0.008694390802762453, 0.008646127796118662, 0.008597532848654879, 0.008548609223496439, 0.00849936109960257, 0.008449794298611538, 0.008399912462090018, 0.00834971840602648, 0.008299218087999846, 0.008248414547440427, 0.00819731270848258, 0.008145915583600343, 0.008094226693988139, 0.00804225139913868, 0.007989992963261082, 0.007937453318936338, 0.007884638057262312, 0.007831549643535506, 0.007778192245672892, 0.007724568340303112, 0.0076706808087826876, 0.007616534512019898, 0.007562132113969085, 0.007507474807403257, 0.007452567816563502, 0.007397413094326902, 0.007342014302699252, 0.007286373284094505, 0.007230492554519271, 0.00717437674106234, 0.007118027991513568, 0.007061447109710133, 0.007004639128046911, 0.00694760581695284, 0.006890350868961534, 0.006832875647728877, 0.006775182890342542, 0.0067172774215575924, 0.006659160970102612, 0.006600834526005734, 0.006542302702798918, 0.0064835665572998595, 0.006424629178958213, 0.006365489728815834, 0.006306149158258158, 0.006246609683920488, 0.006186869456880652, 0.006126926514792566, 0.006066781773656334, 0.006006433708974697, 0.005945883836237236, 0.00588512965385877, 0.005824173538284126, 0.005763019396521807, 0.0057016679151055925, 0.005640120811773581, 0.005578380831570874, 0.005516448786758728, 0.005454326685938462, 0.005392010361926459, 0.005329501767855303, 0.005266802168437206, 0.0052039109943623416, 0.005140829717897556, 0.005077560690216383, 0.005014107108045645, 0.00495047109361753, 0.004886647671772814, 0.00482263839545025, 0.004758440793360945, 0.00469405262280124, 0.004629472840897204, 0.004564702564064844, 0.004499747022751011, 0.004434608160533247, 0.004369283735512451, 0.0043037775930371, 0.004238087859196947, 0.004172215917288801, 0.004106160592365499, 0.004039925601402901, 0.003973518054439073, 0.003906937695127604, 0.003840182284680251, 0.0037732524770848824, 0.0037061458813114462, 0.0036388655345128344, 0.003571409328476429, 0.0035037856393951867, 0.003436001802342749, 0.0033680586625334076, 0.003299957444745576, 0.0032317010694746817, 0.0031632972626860125, 0.003094755238403302, 0.003026076666993313, 0.00295727344848807, 0.002888348144245346, 0.002819303614833899, 0.002750143289017841, 0.0026808783052654933, 0.0026115291642829835, 0.0025421087392686953, 0.0024726268135810557, 0.0024031030663822905, 0.002333553969688246, 0.0022640077686854067, 0.0021944857415703025, 0.0021250211653247586, 0.0020556460794649047, 0.0019863849803012012, 0.0019172737721784522, 0.0018483640934407978, 0.001779721818818014, 0.0017114178816088118, 0.00164351577451267, 0.0015761139032649215, 0.0015093198694036282, 0.0014432680191034215, 0.0013781080403824151, 0.001314015166394762, 0.0012512017603748715, 0.00118990678827651, 0.001130429334855828, 0.001073152720090427, 0.0010185160822826344, 0.0009670383656136555, 0.0009192944086228701, 0.0008759905920184902, 0.0008379130339044797, 0.0008058796282735302, 0.0007807020132163656, 0.0007631256611385488, 0.000753780547514188, 0.0007530701816760574, 0.0007610993613803125, 0.0007777069111602846, 0.0008024340819284502, 0.000834650749977642, 0.0008735999841804794, 0.0009185127567312013, 0.0009686315957039003, 0.0010232313683844261, 0.0010816878107779329, 0.0011434794543365501, 0.0012081633352980486, 0.0012753532086605427, 0.0013447050312460865, 0.0014159630951412396, 0.0014889030745233879, 0.001563333377093596, 0.001639075686954855, 0.0017159877736364643, 0.001793963027381483, 0.0018729027119952426, 0.0019527227398128278, 0.002033351886255187, 0.0021147269875220844, 0.00219679909944369, 0.0022795132122353226, 0.0023628303967516725, 0.002446706132927328, 0.0025311054271682765, 0.0026160005137987694, 0.0027013691488483502, 0.0027871917574661055, 0.002873442147682776, 0.002960100827355918, 0.0030471552327143245, 0.0031345858614397954, 0.0032223738524196563, 0.0033104973302864145, 0.0033989514213392377, 0.003487726344200462, 0.0035768084048788634, 0.003666184150596224, 0.0037558453196021558, 0.0038457866102165283, 0.0039359928340690666, 0.004026448713934703, 0.004117147692078485, 0.0042080836290342765, 0.00429925065896582, 0.004390634810846431, 0.0044822319198744905, 0.004574036033202013, 0.004666038095397901, 0.004758225609542687, 0.004850588837464561, 0.004943124396355852, 0.005035824849544512, 0.005128681031488905, 0.005221686544500107, 0.005314834905507746, 0.005408120597380627, 0.005501530372875413, 0.005595056832341841, 0.005688692608512725, 0.005782431686463276, 0.00587626554417628, 0.005970186140155023, 0.0060641887856217975, 0.006158265443966119, 0.00625240640810484, 0.006346602316889946, 0.006440845205972313, 0.006535129719603319, 0.00662944583834533, 0.006723787532982967, 0.006818147019009626, 0.00691251770867368, 0.007006889265830168, 0.007101251794783433, 0.007195598459829619, 0.0072899212021245476, 0.007384211958704495, 0.007478462423258906, 0.007572665662997775, 0.007666814436751653, 0.00776089710182657, 0.007854905369748748, 0.007948830218659426, 0.008042665153373095, 0.008136400221392753, 0.00823002732652709, 0.008323539634989715, 0.008416928079759694, 0.008510182460256038, 0.008603292538913112, 0.008696251156283079, 0.008789050219027907, 0.008881679420954205, 0.008974131244281976, 0.009066397186626154, 0.009158469025499502, 0.009250334278861214, 0.009341984586970591, 0.009433412225830235, 0.009524608170368161, 0.00961556248975174, 0.009706266330730774, 0.009796712438315177, 0.009886889822704897, 0.009976787293445638, 0.010066396681021699, 0.010155709611194974, 0.01024471700506448, 0.010333407701057522, 0.010421774635033151, 0.010509807928002175, 0.010597496822137675, 0.010684830501865625, 0.01077180087416602, 0.01085839953588752, 0.010944615640362733, 0.01103044015949528, 0.01111586409317299, 0.01120087727775212, 0.011285468953140643, 0.011369629292629708, 0.011453350515420596, 0.01153662209033882, 0.011619435175679744, 0.011701779540788923, 0.011783645792453633, 0.011865023195611349, 0.011945902319824547, 0.012026274163181593, 0.012106128712958335, 0.012185457175730422, 0.012264249983202843, 0.012342496958338566, 0.01242018780115266, 0.012497313254735978, 0.012573864908694608, 0.012649831924987358, 0.012725205873890413, 0.012799977553789744, 0.012874137731955754, 0.012947675160937441, 0.013020581259695468, 0.013092848007629746, 0.013164465511113494, 0.013235424631527356, 0.013305716858148197, 0.013375333530574275, 0.013444264268156961, 0.01351250007775978, 0.013580033493092334, 0.013646855253706817, 0.013712957117825294, 0.013778330114215066, 0.013842966407794163, 0.01390685625949778, 0.013969991858785866, 0.01403236507495162, 0.014093967600674138, 0.014154791819964655, 0.014214829756964732, 0.014274073040020098, 0.014332512871778096, 0.014390142409151358, 0.014446954116739363, 0.01450293947028286, 0.014558091741168516, 0.014612403490360918, 0.014665867057844803, 0.01471847369930748, 0.0147702176377668, 0.014821091431161832, 0.01487108770105843, 0.014920199542526486, 0.01496842027552611, 0.015015742548827893, 0.01506215898234129, 0.0151076637011136, 0.015152249705898912, 0.01519591054271931, 0.01523864013826218, 0.015280431498296063, 0.015321278103902975, 0.01536117368488293, 0.01540011303799215, 0.01543808888036905, 0.0154750962038269, 0.015511129297111056, 0.015546182061982137, 0.015580248262635585, 0.015613323182816415, 0.015645401808730107, 0.01567647816166902, 0.015706547925936693, 0.01573560609267777, 0.015763647524133964, 0.01579066769969507, 0.01581666249558389, 0.01584162768492268, 0.01586555889695218, 0.015888453216818206, 0.015910305651097294, 0.015931112888624466, 0.015950871520286257, 0.01596957836986853, 0.01598722925703769, 0.01600382142302537, 0.016019351660408437, 0.016033815611179305, 0.0160472104340351, 0.016059532988336078, 0.016070779983145076, 0.01608094830400106, 0.016090035672905297, 0.016098039315816923, 0.016104956752945793, 0.016110787243599618, 0.016115528502445197, 0.016119179703312177, 0.016121739761605976, 0.016123207974983227, 0.016123582303497884, 0.016122862453995666, 0.016121047283061817, 0.01611813507965591, 0.016114125436622353, 0.016109017685248826, 0.016102811355343628, 0.016095506571785607, 0.016087104554469444, 0.016077605542020524, 0.016067010563924282, 0.016055321188450083, 0.016042537369046896, 0.016028660281967182, 0.016013690743570275, 0.015997630089693543, 0.01598047909432054, 0.015962240930495558, 0.015942917457814336, 0.015922511439227776, 0.015901026254930915, 0.01587846441354646, 0.015854828334567184, 0.015830120979739355, 0.015804345637650163, 0.015777504990580924, 0.015749603816790053, 0.015720646580696288, 0.015690637572437945, 0.015659582236180573, 0.015627485104276518, 0.015594350840144404, 0.015560184190440422])
[Finished in 399.94s]
