[Command: python -u /Users/kawaisk/Documents/GitHub/Zakharov/Zakharov_DVDMandGlassey.py]
L= 20 Emax= 1
N= 10 dt= 0.10009744848546877 dx= 0.1
318

Glassey実行時間: 1.3230504999955883
初期値に対するノルムの最大誤差: 5.844214001626824e-13
初期値に対するノルムの最大誤差比: 2.0306997151322003e-13
初期値に対するエネルギーの最大誤差: 9.65202091306708
初期値に対するノルムの最大誤差比: 2.7460587140876336
各要素の最大誤差: 3.3220648907656454 4.771868533742606
各要素の最大誤差比: 2.1230525319783884 0.4152742745474232

t: 8.0 , 0.9954170867755563 2.4269405190752393 , 0.6709400323676957 0.21709612563872213
t: 16.0 , 2.6073062558581284 3.290641124953112 , 1.757687177322038 0.2942807447321279
t: 24.0 , 1.0667044510127663 3.800224799686097 , 0.718981597397812 0.3399460298477442
t: 32.0 , 1.4567240422876444 4.771868533742606 , 0.8641129317730056 0.2396939552387642

(0.14149027950110593,
[1.860108541713985e-15, 0.11092704250524425, 0.14712932471368514, 0.20016246425790613, 0.25628306083420593, 0.321910942977719, 0.39542839234606775, 0.4760422386492349, 0.5641778314578517, 0.6577590248045896, 0.757657229268135, 0.8615973023835312, 0.9702527661419852, 1.081854275585647, 1.1965339861013062, 1.312965131137979, 1.4309479491077948, 1.5494979994350973, 1.6680712836372276, 1.7860539643698743, 1.9026007446686621, 2.0172857143742284, 2.129088671704915, 2.2377193915837945, 2.3419880947904983, 2.4417389247341545, 2.5357437040471864, 2.623962760409772, 2.7052488265332766, 2.779748173602622, 2.8464453292013543, 2.905693089773624, 2.956758458225392, 3.000280522446464, 3.035668996298045, 3.0634561004864986, 3.0831714206251055, 3.0959281174990303, 3.101818485104091, 3.1016312341819137, 3.094741854079829, 3.0818048685839874, 3.0629791611103414, 3.0393010015048203, 3.0102014125256433, 2.975947440533438, 2.936581057023925, 2.893280430787333, 2.845889453546576, 2.7945826409175596, 2.739117804229856, 2.6800279227145043, 2.6166091505606897, 2.5490430519640777, 2.4772329195722214, 2.4013123450434324, 2.3206261218987314, 2.2355710159181625, 2.146028596168768, 2.051980625024146, 1.9533750390215248, 1.8510633455179113, 1.745225426523968, 1.6368166059560754, 1.526681034595919, 1.415883920617857, 1.3054011061461859, 1.1970379704657612, 1.0916247666815402, 0.9909297257946477, 0.8977994552141959, 0.8162128095080787, 0.7501403428177182, 0.7046391451966795, 0.6845778446347023, 0.6948913478399595, 0.7362439470724561, 0.8042896638906392, 0.8926752312931373, 0.9954170867755563, 1.1071631762692482, 1.2243796603652837, 1.344541897806263, 1.4655325345847137, 1.5856896185830416, 1.7037392148839328, 1.818818735349563, 1.930426716253359, 2.038254836497349, 2.142137545749733, 2.2419118978748243, 2.3373617860570692, 2.428213886053909, 2.5141143960035333, 2.5949700079506632, 2.6708837348977106, 2.7418902432230836, 2.8078894277081723, 2.8686461421979574, 2.923849130428843, 2.9732378320814394, 3.0165899293050957, 3.053777298950014, 3.0847413388420906, 3.109489174540479, 3.128102164543842, 3.1407395606893744, 3.1476679717755065, 3.1492980457410362, 3.1459352933850173, 3.1376738450938433, 3.1246300296327556, 3.1070678898982926, 3.0852834845178547, 3.0594935844448314, 3.0299298188874237, 2.996827026259321, 2.960215608005328, 2.9201838524935577, 2.8769436248102913, 2.8307352697932386, 2.7816781582082917, 2.729825180940616, 2.6751439284408476, 2.6173716333179358, 2.556050708371889, 2.4906899474449373, 2.420761711530604, 2.3457029411014374, 2.265104654606786, 2.178672887575437, 2.0862732698033906, 1.9880080240525246, 1.883922716645691, 1.7740202334264303, 1.6585454373279034, 1.5379039591453372, 1.4126231543771832, 1.2833268079396967, 1.1507193038111418, 1.0163935543070413, 0.8831415184578056, 0.7555484810247309, 0.6417486999919456, 0.5564224829031852, 0.5214060888985967, 0.55349587302263, 0.6468668810966166, 0.7816714108990465, 0.9409301901573983, 1.1140011460394952, 1.2941958798571869, 1.4770853809758124, 1.6594236111344756, 1.8384867347315648, 2.0118300453141655, 2.177222306544763, 2.332696685689984, 2.47648790521993, 2.6073062558581284, 2.724201472527653, 2.826358834018188, 2.9132018041975076, 2.984412584389904, 3.039854126572725, 3.079528004198376, 3.103588314209054, 3.1123755694615847, 3.1063862648938083, 3.086366180997538, 3.0531590464781053, 3.0076182308893387, 2.9507104106618076, 2.883490478436835, 2.807001093410115, 2.7220924633901924, 2.6293494581813768, 2.529235337511808, 2.4222311849058755, 2.308750604657432, 2.189012679174621, 2.0631893367114285, 1.931523065544349, 1.7944714894480358, 1.6525633128249642, 1.5062623024121506, 1.356195230072196, 1.203354435325992, 1.0491665045773728, 0.8959061781212844, 0.7476311493091409, 0.6117404604378262, 0.5025430033323388, 0.4449338098123653, 0.46301265076981335, 0.5522079205698177, 0.6871458918678267, 0.847438979186083, 1.0217403587253608, 1.203645239749646, 1.3890545388883115, 1.5746201210337936, 1.7573259425288061, 1.9345943018426601, 2.1041140981086492, 2.263800163397189, 2.411983205430597, 2.547446190597185, 2.669362048378139, 2.777221940403368, 2.8708193743172763, 2.9502203099709123, 3.0156430190948766, 3.0672795282085996, 3.1051994691521196, 3.1294538606298086, 3.1402747780165976, 3.137913777570492, 3.1226580067675367, 3.0947662363292263, 3.054496708985831, 3.002302865190958, 2.93879072312662, 2.8647987876034073, 2.781330824918358, 2.689377205493879, 2.5898488264808512, 2.4836218573205033, 2.3715085422465516, 2.254132863155685, 2.1322373452284684, 2.0066588549827484, 1.8781081319649862, 1.7470469520461689, 1.6138639576809655, 1.478922160788942, 1.3424580646906588, 1.204869293293185, 1.0667044510127663, 0.9292324352503575, 0.7941299168310871, 0.6660693861243745, 0.5533330805942576, 0.46998195215429966, 0.4378067923007742, 0.4707218790111765, 0.5603004096670944, 0.6866192796888132, 0.8335548274947624, 0.9927520728065304, 1.1593981165594167, 1.3303308812465944, 1.5025858585926393, 1.6744423850784034, 1.8439109236905111, 2.0094987267838396, 2.1695868550980446, 2.322748769160336, 2.4672449733003683, 2.601663780827442, 2.724635664621694, 2.8346268144978564, 2.930103483802941, 3.0098475001427514, 3.07267798581034, 3.1171810260873003, 3.1421392037974236, 3.1467320538030115, 3.1299471118755515, 3.092185124028698, 3.0325847618924087, 2.951789094128314, 2.8502059392207935, 2.728009457725351, 2.5861202670645818, 2.4250350813268144, 2.2458793313180707, 2.0510563033881954, 1.842587475017623, 1.6228910075495149, 1.3962807426917623, 1.1688826418454856, 0.949716088794999, 0.7635846172583273, 0.6518426279681412, 0.655895401838055, 0.7718667998915343, 0.9603616549425202, 1.1816356246144397, 1.4138935289779972, 1.6453120601433149, 1.8708187830420124, 2.086099036996109, 2.2887116546699917, 2.476324079704933, 2.6463146033946754, 2.7991051940229874, 2.9324755552426436, 3.0467013119512067, 3.141168802488545, 3.215082505955914, 3.2701165625993993, 3.3056615681942736, 3.3220648907656454, 3.319318453086508, 3.297176869896388, 3.2564918874398843, 3.196384468280683, 3.1165643794768125, 3.017941421244489, 2.9007037823578257, 2.765168633693116, 2.61305289087476, 2.4463024558504167, 2.2665861230203532, 2.0755459877707003, 1.8748405900639251, 1.6676859348617006, 1.4567240422876444],
 [3.799374866799886e-15, 0.11025670374824223, 0.28250711893050867, 0.3457560140429812, 0.43114603731594225, 0.5343996014922398, 0.6213244045314917, 0.7218040415650966, 0.8268689378916324, 0.9332519775850382, 1.043062123906483, 1.1559614749805256, 1.2600634415011056, 1.3668239680404086, 1.4739185160378718, 1.5826696708241517, 1.6758479399749786, 1.766216163085441, 1.8485892089971696, 1.926768022132747, 1.9990983368567428, 2.063082279613129, 2.1147864353615673, 2.162615889135284, 2.203228989416725, 2.239572629831932, 2.2665114661685526, 2.286545944520914, 2.3002627874557673, 2.309490823188047, 2.3144192571588262, 2.314024333561589, 2.3077145337400324, 2.299150199600084, 2.287485840636591, 2.2753658800565915, 2.2602036583282006, 2.2421257819793072, 2.2246908638837746, 2.208318444077342, 2.1937509615513915, 2.1795909743550688, 2.16375164626492, 2.148773464925618, 2.133905150091759, 2.1214982300660865, 2.112676765833159, 2.1068886639928874, 2.1052630092874876, 2.10493886517113, 2.1053679070467357, 2.1057550662817803, 2.1043482128264683, 2.103628985374148, 2.102777673419962, 2.1034352271009404, 2.108269373637417, 2.1169159524058814, 2.1313621033233714, 2.1509987387116514, 2.1743183230158505, 2.200330858651419, 2.2250328249187623, 2.2464407125960464, 2.262659113687647, 2.272743837004217, 2.2780465870380193, 2.278409496895267, 2.277465050319978, 2.277630267515494, 2.280239947641532, 2.287175367112131, 2.2980851822953934, 2.3143788648389605, 2.3366534978336704, 2.3607479110232275, 2.383957836232526, 2.403304640421979, 2.4179127805226353, 2.4269405190752393, 2.4287732192914455, 2.423892945520556, 2.411338159989415, 2.3917881850692804, 2.3677811276685476, 2.3402728896032974, 2.313192900402585, 2.2881651199967563, 2.265740901854434, 2.247782757234117, 2.2334826682512037, 2.2231588978400287, 2.217015391996842, 2.2134981725177303, 2.2129504000482245, 2.2148045222110246, 2.2204613045976886, 2.230741223112801, 2.245064128758598, 2.2631522194785676, 2.2825913889503804, 2.302291687499085, 2.3208264559553196, 2.335803285736339, 2.347740517164027, 2.3565147363262597, 2.362733220429525, 2.3686994365728817, 2.376131687374109, 2.3881820502050974, 2.4041801665298217, 2.4223451164589154, 2.44182049859496, 2.4606433347167287, 2.477767590560326, 2.4921633364969944, 2.5029801739518067, 2.509581725484068, 2.5109533820808156, 2.5078826794716176, 2.5010121516212895, 2.4904486030104, 2.4799065635457116, 2.4717828445237657, 2.4678568369516287, 2.469690896111965, 2.476725064904237, 2.4894013012363976, 2.5071133591318007, 2.5301061390602517, 2.5574150453694116, 2.5860681858006735, 2.6134855658620553, 2.636374293022492, 2.6547759513592863, 2.6708538523934533, 2.6852726597668455, 2.699663813104132, 2.714343862186605, 2.7302936809166294, 2.7493332355945936, 2.771414551533801, 2.7966935310049927, 2.8252727731034506, 2.856785819809006, 2.891499199252624, 2.9268641171057355, 2.9612264405334545, 2.993715251221152, 3.023775317620498, 3.0528981960702564, 3.081784858283327, 3.110556127007189, 3.1395191660469277, 3.16805432997805, 3.1973228849464346, 3.2262158528031266, 3.2527353081505463, 3.275066178327502, 3.290641124953112, 3.3001087796717603, 3.3040065646151358, 3.302606692132691, 3.297639847400726, 3.2900710017250705, 3.2811456397919896, 3.2710844221804973, 3.2600074858582797, 3.2489064747367933, 3.2378401395050918, 3.2271853754978936, 3.2165314088870556, 3.205312301096024, 3.194390114485127, 3.183170802525837, 3.1714422624475844, 3.1600870126238108, 3.14981128225014, 3.1421791186075123, 3.1370371613062322, 3.1341789701171434, 3.133790014091103, 3.134767193383696, 3.136911526310506, 3.1395183362590404, 3.142226258219423, 3.145362813348054, 3.148474677435165, 3.1529931729198153, 3.1590526790243394, 3.165768169056272, 3.1740927470987925, 3.1845409259013513, 3.198049703595947, 3.215421814442885, 3.2377441693593836, 3.2663981708543273, 3.3000804940698516, 3.3372423192001635, 3.376605633680945, 3.4150978030406813, 3.450469103749628, 3.4810930488512186, 3.506242208086165, 3.525457232864405, 3.538192194052979, 3.5460706263505393, 3.5497891782607387, 3.5501593197334125, 3.54967399247062, 3.5500836436618846, 3.55280392646578, 3.5588477321445846, 3.5693379543819965, 3.5841359456201154, 3.600683679196671, 3.6181271228143332, 3.636053875216442, 3.6528874447385937, 3.6678694380719277, 3.6805983666700026, 3.691601709950167, 3.7012027204188898, 3.710158568784317, 3.719645889088807, 3.728245827672991, 3.7349074956732444, 3.7400995755042565, 3.743759019685592, 3.746767514161355, 3.750555283255757, 3.755861907247204, 3.7617530689981713, 3.767010457206806, 3.7723546364588287, 3.7777069059558936, 3.7833312561871177, 3.7907653637615426, 3.800224799686097, 3.8112850282095763, 3.8238885940294125, 3.837879849888519, 3.853036722881393, 3.86934863822295, 3.8875778581059737, 3.9068218443878586, 3.92580228023573, 3.9452785717392285, 3.9654563432219105, 3.9863401453699696, 4.008472450686241, 4.031881485867647, 4.05609694582025, 4.080053896745878, 4.103420580264138, 4.1257996271320225, 4.146711226989902, 4.167070964137249, 4.187534855518893, 4.20895135734525, 4.232880481640922, 4.259324968233529, 4.28755638008109, 4.316694170523368, 4.345117899309931, 4.371309500942258, 4.393993962831133, 4.412875718016312, 4.4278212901796055, 4.4394110117922, 4.449266168150296, 4.458236063601242, 4.4670568898667735, 4.476836177210912, 4.487528423547271, 4.498909052777947, 4.511421860139106, 4.52583806579826, 4.54187863271363, 4.557822657280428, 4.57256107176445, 4.58486581647319, 4.594592856345772, 4.602097781054427, 4.606898794365799, 4.609409349446484, 4.610999688515048, 4.611633739171231, 4.610336703270463, 4.606961304661927, 4.602108689122653, 4.596005215614899, 4.590206242899098, 4.585369673717128, 4.580370110591353, 4.574513571085919, 4.568136770214778, 4.560342903090312, 4.551607547999843, 4.542390447957014, 4.532874278993815, 4.5250715221416, 4.5205082163560215, 4.520048600426212, 4.523629770677043, 4.5312250741901074, 4.542435197840967, 4.554674357237512, 4.567095311158764, 4.578894922990212, 4.588849298093953, 4.599260774586776, 4.611988667499955, 4.627339437091962, 4.646102514946543, 4.669051253091243, 4.697583850468273, 4.731805574513345, 4.771868533742606])

DVDM実行時間: 18.730225708000944
初期値に対するノルムの最大誤差: 2.1721908103344845e-06
初期値に対するノルムの最大誤差比: 7.547751089421323e-07
初期値に対するエネルギーの最大誤差: 0.00021202053453883707
初期値に対するノルムの最大誤差比: 6.073867685560362e-05
各要素の最大誤差: 3.155694684675919 1.9142619799012384
各要素の最大誤差比: 2.109882092399654 0.17286895768121846

t: 8.0 , 2.281448431419857 1.7400017291651062 , 1.5377625165954265 0.15564766875718836
t: 16.0 , 3.0718397766375443 1.7231768505783276 , 2.0708474020082277 0.15410302966434195
t: 24.0 , 2.1021006846178216 1.214736861762318 , 1.416860787149249 0.10866330157624302
t: 32.0 , 0.7749677001885558 1.451323057541402 , 0.45970245015499356 0.07290086923632742

(0.14149027950110593,
[1.860108541713985e-15, 0.10962997557568407, 0.13781049320002164, 0.17768296696710736, 0.2151908188256785, 0.2579575991364184, 0.30506285105443187, 0.35655653044480373, 0.413684526487166, 0.47418614877769505, 0.539983107771333, 0.6084105567636567, 0.680793815354077, 0.7551537450330645, 0.8322698767630854, 0.9107612202085325, 0.9910189593875736, 1.0723541867129127, 1.154700202219924, 1.237964024751932, 1.3218080044167597, 1.4064383978903838, 1.4912557111516243, 1.5767395532858437, 1.6620202714245034, 1.7476176647913677, 1.8325295584739891, 1.9172741131116653, 2.0006897250408247, 2.083277180298476, 2.163821598567491, 2.2427495999406504, 2.318974568566174, 2.3930590980373663, 2.4638038532156354, 2.5313679561100244, 2.594800594208364, 2.655054629667844, 2.7117136714291283, 2.7651234159821714, 2.8140809365661354, 2.858936091990351, 2.899613305317632, 2.9369590915778128, 2.970189577063108, 2.9996241994223705, 3.0253817919808905, 3.0485850866194784, 3.068959141412243, 3.08655073252455, 3.101070008150575, 3.1128596106056556, 3.1213085922348527, 3.126710373946689, 3.1291249906069356, 3.1288590879916773, 3.1256334369214644, 3.1199858099931745, 3.1118997802519694, 3.101371864538364, 3.088239971844911, 3.07274018445676, 3.054543150277065, 3.033672780789552, 3.00998726267366, 2.9833803135547696, 2.953725815260765, 2.9211412034871986, 2.8853304073985315, 2.8463424524453758, 2.8043738986267255, 2.759441085469457, 2.7112426332899484, 2.659706145573256, 2.6048253671917907, 2.5468672596479136, 2.4857885169793743, 2.4212837577072133, 2.353169696103283, 2.281448431419857, 2.2061239208554335, 2.1276886225771547, 2.046810201045862, 1.9639303305553903, 1.8794668069519835, 1.793868047505532, 1.7075588275039324, 1.6210334597262697, 1.5348291771389813, 1.449416782749029, 1.3652625432765577, 1.2826301886250342, 1.2016314624226134, 1.122296739235642, 1.0449960547321624, 0.9703744946079894, 0.8990636492374271, 0.8314800488600596, 0.7681115564166728, 0.7096474219942324, 0.6575833835732809, 0.6141856430911176, 0.5822289413376814, 0.5641854936228714, 0.5615447286747773, 0.5749778752054554, 0.6038250634417446, 0.645931545305839, 0.697971598743878, 0.7560893527997544, 0.8176890611865243, 0.8814991317559084, 0.9465572586990856, 1.0113401795531953, 1.0745440166781433, 1.1354651238597424, 1.1936841889231335, 1.248902748708718, 1.3013552800277532, 1.3514430762447212, 1.3991927020742634, 1.4445173238136568, 1.4874990296795154, 1.5282821043686963, 1.5671149087064908, 1.6044863210466325, 1.640929453337117, 1.6769635629490616, 1.71313967609457, 1.7498262412413648, 1.7872537449894648, 1.8256020999778897, 1.8649555901891073, 1.9053027519713939, 1.9467098977157915, 1.9893019513403407, 2.033146542411837, 2.078178760279931, 2.124274971572845, 2.171292868884511, 2.2191285457837666, 2.26760420153061, 2.3166524727504103, 2.3664547642223392, 2.4171568897509395, 2.4685675848400797, 2.5202230910874905, 2.5717177637765523, 2.622952670464897, 2.673782683960973, 2.723829448597259, 2.772624791004402, 2.819698113368341, 2.864588249883198, 2.9069613538729526, 2.946600112797609, 2.983260753139449, 3.0165858300750283, 3.0462278845869597, 3.0718397766375443, 3.0929674355514587, 3.1092976613125765, 3.120801238010591, 3.1275709163781107, 3.1297428214395926, 3.1274605942742744, 3.120839201750033, 3.1099845809204036, 3.0950548118276227, 3.076221403518371, 3.0536541760980573, 3.027612732481226, 2.998377181492358, 2.966145780262518, 2.9311349987197723, 2.89365681720587, 2.8541239649946086, 2.8128630654829476, 2.7700135752098634, 2.725652046371593, 2.6799529812997034, 2.633018793915656, 2.584671492568422, 2.5346603646819754, 2.482944962663747, 2.429658552942343, 2.3748765513959533, 2.318498834242702, 2.2604271150906254, 2.2006468057527906, 2.13923811337394, 2.076471519933349, 2.0126713598794095, 1.94793861702052, 1.8821307420440807, 1.8149633657366957, 1.7460266129412758, 1.6747948969688402, 1.600752708250522, 1.523495988019466, 1.4427694477044417, 1.3585506123284248, 1.2712794276928245, 1.1813988253201786, 1.0894475233386662, 0.9964610353265494, 0.9039685643197111, 0.814043636463043, 0.7295111948312847, 0.653576277569723, 0.5897864121136255, 0.5425678691754815, 0.5167055786062341, 0.5148463998034577, 0.535638848970717, 0.574844128929745, 0.6281612967569031, 0.6921806580283613, 0.7638692574946749, 0.8400350073577668, 0.9187155956090435, 0.9988921237666121, 1.0796215976497359, 1.1602884933439133, 1.240363183667377, 1.3194333274576369, 1.3969558653326664, 1.4722635105640698, 1.5449605474921664, 1.6148225705905968, 1.6816155417603436, 1.7451443086718499, 1.8054972389038633, 1.8627073539867722, 1.9166908083181844, 1.9674789432577608, 2.0151787729075252, 2.05998178793696, 2.1021006846178216, 2.141929033065105, 2.179713905333674, 2.215780884638998, 2.250271290159079, 2.283607005985713, 2.3160178013118777, 2.3476069046131847, 2.3787888551789864, 2.409597667759025, 2.4401794670297208, 2.4707971659150223, 2.501423962367415, 2.5323452553688526, 2.5634363028868017, 2.5946912090173595, 2.626190457703242, 2.6583071561662015, 2.6907220473883178, 2.723355984318854, 2.7560151561304824, 2.788559124897209, 2.820819723630174, 2.8529421428221204, 2.884658585061041, 2.915554670391387, 2.9456188295065675, 2.9747731992482187, 3.0025620310673657, 3.028687539071149, 3.053083452158618, 3.075691381668451, 3.0954847775178873, 3.112852527553899, 3.127071403416589, 3.1386082603631165, 3.1472597258912907, 3.152791800047469, 3.155694684675919, 3.1551680113767713, 3.150697888469611, 3.142444665883098, 3.1302633804606894, 3.1148850268215558, 3.0963873261539874, 3.073849346049793, 3.0467280189534915, 3.015571065262871, 2.979906259468311, 2.9407567590546413, 2.898301943881506, 2.8514330868186, 2.7994800045781294, 2.744614554020485, 2.6865841359698575, 2.624498882602622, 2.558968976433117, 2.491260520533987, 2.4216590432714464, 2.3493531371872978, 2.275564827280893, 2.199287649738209, 2.122253263660755, 2.044157288741047, 1.9644954583982726, 1.8849886150802109, 1.8045111438201247, 1.7242506919690692, 1.6433466353390782, 1.560623647053155, 1.4777301281261528, 1.3947582726381682, 1.3125253535906778, 1.2315409226268654, 1.152822404518422, 1.077783255731831, 1.0067265182505225, 0.9409568055866069, 0.8792354181911641, 0.8230078480881445, 0.7749677001885558],
[3.799374866799886e-15, 0.2001757958235097, 0.29480437807973625, 0.3278121960595725, 0.3771104301312166, 0.4254912226862395, 0.4827573702855103, 0.5470589345208828, 0.6273653050320926, 0.7065842328011512, 0.794433120765402, 0.8898783961119276, 0.9878159106136518, 1.0760304612553013, 1.1635247225409113, 1.2512283382657101, 1.3343496938426853, 1.405295548079561, 1.47198646297246, 1.5360868243541346, 1.5946309229994642, 1.642821513525273, 1.687130301540328, 1.7289614190223797, 1.7665595571712278, 1.7964812994144346, 1.8234910244817646, 1.8481703502663538, 1.8694107427188293, 1.8845338336930675, 1.8969803078587055, 1.9066539505296172, 1.9130096193256907, 1.9142619799012384, 1.913610670914114, 1.9108349403232492, 1.9051740275428841, 1.8943991311328539, 1.8817234258149724, 1.868906235727197, 1.8571344145449071, 1.843765310720416, 1.829280014682037, 1.8124565927359866, 1.7940101122816254, 1.7741006892359248, 1.7562471985433383, 1.740985340862967, 1.7298213814250116, 1.7207434815379414, 1.713381874516466, 1.7050685348747074, 1.6959113912341703, 1.6845558112985652, 1.672734588076121, 1.660618173743797, 1.6507331236289549, 1.643498383767956, 1.6412290830503184, 1.6434353890926154, 1.6506228248032466, 1.660823753437915, 1.673763361685503, 1.6869768562512186, 1.6999804452730547, 1.71083045393193, 1.7197477087606452, 1.7248371928165072, 1.726681571913532, 1.7251758918424762, 1.7223806746548318, 1.7173857191872117, 1.710997420804878, 1.704309920717477, 1.7014274564562604, 1.7029390975743965, 1.708703506263547, 1.7166864603237824, 1.7274441725569227, 1.7400017291651062, 1.754534900813603, 1.7687226918632817, 1.7803166669348802, 1.7852716783136104, 1.782279370937446, 1.7698718665123092, 1.7494397440103429, 1.7223456632347995, 1.691174646110472, 1.656585595476017, 1.6207063556698138, 1.5841061576956421, 1.548930655810751, 1.5166590259450892, 1.4902870763748632, 1.4710145856036703, 1.4611721565769968, 1.4608978647868498, 1.4711045191445198, 1.4900858028332373, 1.515948639810279, 1.5446723048461817, 1.5735081816636662, 1.599128820066387, 1.6206481713153937, 1.6368965773574482, 1.6480294061601395, 1.65262535125753, 1.6512683294510428, 1.6447137371631264, 1.6344704501483143, 1.6200009333993428, 1.6024407986513227, 1.582591553882123, 1.5611856371840311, 1.5368279027188245, 1.510522524054238, 1.4825332300275902, 1.4529587263021262, 1.419893086026557, 1.3835632354552632, 1.3453819219856982, 1.309995253848548, 1.279549815058731, 1.253980260107611, 1.2313365122964617, 1.2136701144926707, 1.2021693725318854, 1.1969161190846227, 1.195934721579897, 1.2014902418489872, 1.2144612085157622, 1.2329475210277931, 1.252197843635467, 1.271468398678026, 1.289551076148959, 1.3047029315192742, 1.3149161047570734, 1.322927658854971, 1.329427165436533, 1.333640879388207, 1.336683635181309, 1.3436331198284965, 1.355296897770589, 1.3722067961174342, 1.395762611344974, 1.4253968902625935, 1.455118524201534, 1.4834078950529486, 1.5117331006069283, 1.540168733780404, 1.5664603972727427, 1.59122671947869, 1.613408998221354, 1.6317411000274094, 1.647518283402066, 1.6644977640296836, 1.682453068631157, 1.7020697064377102, 1.7231768505783276, 1.7421336193022572, 1.755562332501106, 1.7640747127607785, 1.7665109739949627, 1.7636052742873132, 1.7570242853421467, 1.747188991073773, 1.7345017894286703, 1.7213569333366243, 1.707115948634747, 1.6921276746500895, 1.676846422757698, 1.659586604667121, 1.6380396031078348, 1.6116245762056303, 1.5785059362764144, 1.5414343154575674, 1.5034588866598255, 1.4660600136795074, 1.432337364224218, 1.40395663949771, 1.3779656238207616, 1.3549658048248134, 1.33373321092276, 1.3150334538948398, 1.3003952565965828, 1.2864520470697163, 1.2708901753603203, 1.2544764204035392, 1.2343507331887498, 1.2134028381875783, 1.1923598765264245, 1.171636938628927, 1.1535474504816903, 1.1374771778148518, 1.1260623853061893, 1.124085733353953, 1.131802105985391, 1.1550684879282362, 1.1930163588085452, 1.2426106559540098, 1.3011110653246831, 1.3613600409697495, 1.419623720451055, 1.4732015596318007, 1.5179529428233887, 1.5548394846207654, 1.5807979638276768, 1.59521919034849, 1.5987952095267142, 1.5919363386023768, 1.5788009233381306, 1.561265916442636, 1.5415527288928528, 1.5242831281284157, 1.5094615848531951, 1.4994497330117458, 1.4924070763387072, 1.4875855718813065, 1.4866759812429409, 1.48817268384576, 1.4926133605169947, 1.4979124213594885, 1.5009615248226542, 1.5011469682815566, 1.4948119887923268, 1.4844280118408433, 1.4708204810137342, 1.4549712394404857, 1.4378464648559774, 1.4167571006462665, 1.3929074958326768, 1.3667739047766685, 1.3400555147926778, 1.3151232879169545, 1.289255251186697, 1.2641107200118797, 1.2386662546245644, 1.214736861762318, 1.1920764741685228, 1.1671812827076338, 1.141180090869141, 1.1138165998052856, 1.0885533416443551, 1.0659482549229824, 1.0462306445985987, 1.0365891203186912, 1.0384090404779829, 1.0525728069806584, 1.0711133310806933, 1.0892305857126627, 1.1057224581537308, 1.1191095962836175, 1.1312388688056694, 1.1413779795265793, 1.1545236375649466, 1.172006678478578, 1.1912675873698875, 1.212350405437496, 1.2345367749049923, 1.2626119307446826, 1.2939605953016333, 1.3279992948479336, 1.3642336976620595, 1.4006574084831824, 1.4349855243468772, 1.463209043547101, 1.4878308667335065, 1.508972052996347, 1.5264618568193167, 1.5399921753054941, 1.5492866446819775, 1.5562776520381905, 1.5585470087693685, 1.5593349808760186, 1.5604095416680557, 1.5628398915808377, 1.5652104742649917, 1.5671818791942267, 1.5706139094852618, 1.5746778156989458, 1.5828403908841624, 1.5961990664587355, 1.613229425928459, 1.6282194184335752, 1.638448155816667, 1.6459009303607286, 1.649012278974656, 1.6506353346175768, 1.652108363568796, 1.655069468897045, 1.6571346243022433, 1.6577405867712462, 1.6577382187601892, 1.6557697382949002, 1.6521709455765816, 1.6469832254241121, 1.641390411278858, 1.630162226356155, 1.6120778477712545, 1.5892077832385936, 1.562475960411069, 1.5334625884246915, 1.5021886136074463, 1.4724810750516453, 1.4435469889813646, 1.4173096704502748, 1.3941932896959355, 1.377230666698603, 1.3674351346893578, 1.3640659533489465, 1.3675753236192902, 1.374290381093454, 1.3826935632454573, 1.389990104177055, 1.3986649627023469, 1.4107446412622333, 1.4282279821155073, 1.451323057541402])
[Finished in 22.966s]
