[Command: python -u /Users/kawaisk/Documents/GitHub/Zakharov/Zakharov_DVDMandGlassey.py]
L= 20 Emax= 1.3
N= 50 dt= 0.020006906736881876 dx= 0.02
1591

Glassey実行時間: 220.81620625000505
初期値に対するノルムの最大誤差: 4.1750425339159847e-10
初期値に対するノルムの最大誤差比: 1.1209082790358569e-10
初期値に対するエネルギーの最大誤差: 19.499290123190534
初期値に対するエネルギーの最大誤差比: 2.619305737756676
各要素の最大誤差: 3.682948707266356 7.564571899402023
各要素の最大誤差比: 2.094552090509758 0.11884315816129147

t: 8.0 , 3.3326366867224904 3.4585204819651683 , 1.9704318714025875 0.057713235236476715
t: 16.0 , 1.4406881514202647 4.922350662456054 , 0.8518208001843148 0.0821397458103926
t: 24.0 , 2.35557303813893 5.994476452226783 , 1.3927396583578446 0.10003141271574834
t: 32.0 , 1.7617689351383203 7.564571899402023 , 0.914353394404047 0.06647714901125487

(0.028289155469513216, [2.0340616897807056e-15, 0.09775199725796216, 0.1050797932773992, 0.1309608729603847, 0.14051080552705622, 0.16031794199141755, 0.17168925285971268, 0.18968055987797391, 0.20265398001395554, 0.22024719679093596, 0.23470356236381304, 0.2525356505528581, 0.26842950166919893, 0.2868264718714671, 0.3041273692318988, 0.32328685708675153, 0.3419472316755384, 0.3620069979613231, 0.38197096082415677, 0.4030084765428291, 0.424237019451129, 0.4462780970633776, 0.4687366574166125, 0.4917883147721767, 0.5154276451718227, 0.5394912978640283, 0.5642541769715348, 0.5893176316663753, 0.6151522216161263, 0.6411849715213686, 0.6680454010307785, 0.6950095328524161, 0.7228434451128557, 0.7507042634176874, 0.779453285506697, 0.8081730109381524, 0.8377825233649087, 0.8673147227421703, 0.8977336644047185, 0.9280288259016929, 0.9592041441198004, 0.9902144404564922, 1.0220885471489256, 1.05376633573358, 1.0862821447617157, 1.118575164812806, 1.1516785390132787, 1.1845309255009042, 1.2181660004182506, 1.2515231947993324, 1.285630876699233, 1.319438399946906, 1.3539586615267205, 1.3881591314134836, 1.423033283202388, 1.4575666181412856, 1.4927356382936157, 1.5275415733269972, 1.5629434393506745, 1.5979625612539716, 1.6335343364004844, 1.668705349885539, 1.704384969599434, 1.739644425308914, 1.7753696823832872, 1.810654198542926, 1.846361430807197, 1.881608116219134, 1.917232503119978, 1.9523780035517426, 1.9878557350222719, 2.0228356740099382, 2.058103432205946, 2.092851772651614, 2.127843298594724, 2.1622975058933642, 2.1969571413729887, 2.2310642283340947, 2.2653188336544114, 2.2989728402001925, 2.332724216076135, 2.365915504728555, 2.3992608215793245, 2.4320274260897556, 2.4647049636094196, 2.4965236504489443, 2.528259938780688, 2.559647026211774, 2.5914571315610067, 2.6226756079746902, 2.653216621140944, 2.682378935184065, 2.711469435843374, 2.740631121500563, 2.770157108207994, 2.7987049877658148, 2.826652371054209, 2.853971423038282, 2.881235645247665, 2.907409521448053, 2.932954473921562, 2.958015543889027, 2.9832457106011265, 3.0076407694964837, 3.031551097883389, 3.0549874558096843, 3.078337409046501, 3.100602723954228, 3.1222940718477283, 3.143437608180665, 3.1642309550894177, 3.183916041914898, 3.203279420941728, 3.222180128131273, 3.2405975028380176, 3.2581114884673372, 3.2755319801281266, 3.2923203604630062, 3.3084821660162484, 3.3239626349687375, 3.3392686854041154, 3.353643195266651, 3.3674819989840055, 3.3808015584547797, 3.3936714616805825, 3.4056010343221734, 3.417291441296239, 3.428366010970333, 3.4388409076112927, 3.4487056960601596, 3.4583612661044114, 3.467177618203209, 3.475611286871294, 3.4835861505511834, 3.491070484117064, 3.4978332490734454, 3.5044188665514033, 3.510302260644079, 3.515701625714168, 3.5206544734577627, 3.525223424972554, 3.529050860321665, 3.532682853358983, 3.5357334111355962, 3.5383055524790863, 3.5404463976936875, 3.5422815283911526, 3.5434287791152568, 3.5443816475916186, 3.5448256685656196, 3.5448251827225272, 3.544415152163785, 3.543722815386238, 3.5423872918019317, 3.540858660433206, 3.5388411040264036, 3.536401104707154, 3.533575274907105, 3.5304543803157893, 3.5267416845770914, 3.522855933724053, 3.5184798176063707, 3.513726773011934, 3.5086251169989344, 3.5032120427910516, 3.4972978340009404, 3.4912426138741353, 3.4846875882739177, 3.477812791012194, 3.4705993359594665, 3.4630560513790103, 3.4551371290681696, 3.4471089566154682, 3.438565709095434, 3.429703721102489, 3.4204026243012597, 3.410779639207472, 3.400972814445814, 3.3910648973579347, 3.3805949905761654, 3.3697264743464515, 3.358309886489281, 3.3466681258444932, 3.3348995074526964, 3.3228613368680926, 3.310286436477149, 3.297440688955306, 3.2841469605363827, 3.2706115719741238, 3.256622443643206, 3.2422023520433223, 3.2275219084213895, 3.212697811429739, 3.1973972597233886, 3.1818044515317747, 3.1657787016110817, 3.1495100999976984, 3.132876479949838, 3.115801033397699, 3.0983656946773093, 3.080791368405905, 3.0627675481606715, 3.0444649551803518, 3.025799153125283, 3.00690134491592, 2.987667858079992, 2.9680275226347064, 2.948024272353307, 2.9278571748301165, 2.9072038033550527, 2.8862591027799525, 2.864993316940496, 2.8434574887331503, 2.8215584097670976, 2.799318104787185, 2.7767657557142784, 2.754006644499474, 2.7307499512672284, 2.7072681170502766, 2.6834925103596547, 2.6593795105031948, 2.6349095415339576, 2.6101807226360254, 2.585132167308496, 2.5598042449458, 2.534050426020917, 2.5081437230283368, 2.481878608677267, 2.4552774477666635, 2.4284386394309947, 2.4013650432219897, 2.3739444701372157, 2.3463282028910872, 2.3184300938003295, 2.2903739875743248, 2.2619687716318215, 2.2334064589194886, 2.2046532392209706, 2.1756145876485697, 2.1463510186865262, 2.116979003133082, 2.0872865629796022, 2.0574640631584113, 2.0274332862896305, 1.9972938579908281, 1.9669351759765845, 1.9364701672513704, 1.9059403342101193, 1.8752987238678205, 1.8445454848014113, 1.8138826640195322, 1.7830555602487845, 1.7522656196899287, 1.7214865463395446, 1.6907364630455726, 1.6599880411498926, 1.6293306917653974, 1.5987228055400653, 1.5681689411365975, 1.5376538198075662, 1.5074504479473463, 1.4773613140005628, 1.447606661234522, 1.418135025156073, 1.388877063330277, 1.359969007582664, 1.33167692615674, 1.3040072954084787, 1.277066881533298, 1.2506764801229915, 1.2249637059254912, 1.1998844320371471, 1.1758482595242752, 1.1528391427884945, 1.1307530234931291, 1.1096999342412273, 1.0897905406465571, 1.0709500372064877, 1.0534214681481628, 1.0370244150629115, 1.021997844983784, 1.0084537813239132, 0.9965757341471814, 0.9861928511053607, 0.9773765581850721, 0.9703049607549553, 0.9650087533210879, 0.9614112506930427, 0.9596874656266488, 0.9596365472228046, 0.9615339792793561, 0.9652151966472757, 0.9705587001982818, 0.9775675503358161, 0.9862974739987809, 0.9965663763737924, 1.00827605380139, 1.0213460001099666, 1.0357975790093026, 1.0513867713398692, 1.0681584725443798, 1.08588804341004, 1.1046545261649696, 1.124387327872322, 1.1449182093473185, 1.1662606693232844, 1.1884599513384795, 1.2113285612975675, 1.2348699794092453, 1.2589939697791772, 1.283738258443758, 1.308959000290806, 1.3346793496839704, 1.3608343533298664, 1.38745088999031, 1.414493986494499, 1.4418880520313495, 1.4696455970833961, 1.4977780011301614, 1.5261050540541137, 1.5546828196241853, 1.5834280682778832, 1.6123054333584244, 1.6412430636381685, 1.670242353115363, 1.6992771343661097, 1.7283354103931006, 1.7573839565023255, 1.7864320417142234, 1.8154664101431652, 1.8444810298161671, 1.873402841524274, 1.9023018173710022, 1.9310879222240855, 1.9597453500600854, 1.988287125980592, 2.01669097463945, 2.044932071699147, 2.0730228946574303, 2.1009560067851014, 2.1287587119429867, 2.15640293360006, 2.1839207806690264, 2.211294996330169, 2.238537627547143, 2.2656031487624326, 2.2925150722227894, 2.319246060978031, 2.3457528080262775, 2.3720501849835647, 2.3981370556496584, 2.423974496451302, 2.449581313670025, 2.474918038736712, 2.500000546597689, 2.524828605199127, 2.5494424416518693, 2.5738438777517016, 2.598018091577041, 2.62193860379053, 2.6456151602826385, 2.6690501944927867, 2.692244060732688, 2.7151979579271415, 2.7379076639438553, 2.7603348356629036, 2.782512148370853, 2.804408853228668, 2.8260142996522246, 2.8473325658191024, 2.868382139481465, 2.8891820022501253, 2.909742983334639, 2.9300613166534166, 2.950144088075996, 2.9699813216817423, 2.9895848253501507, 3.00894168777911, 3.0280511669715553, 3.0469035455270546, 3.0655138015423176, 3.083847475492276, 3.1018896994554077, 3.119640408922584, 3.1370816044151346, 3.154202231791686, 3.1709974243811945, 3.1874482266300426, 3.203565053141388, 3.2193349093055175, 3.234758386938685, 3.2498233527706737, 3.2645397035033206, 3.2789040385797312, 3.2929062477322133, 3.3065328498336815, 3.319782698577306, 3.3326366867224904, 3.34507066960601, 3.357071611334995, 3.368627840949059, 3.379717161124906, 3.3903431124242425, 3.4004850589869613, 3.410148650326932, 3.4193288489748848, 3.428014541661071, 3.436198701415659, 3.4438810145654983, 3.451057236298911, 3.457723699057735, 3.4638831893161286, 3.4695529570319574, 3.474736204492923, 3.479444838493337, 3.483686952115216, 3.487473071102219, 3.4907961196323036, 3.4936598381628796, 3.4960500610784733, 3.4979588608767647, 3.499379775567087, 3.5003016190575162, 3.500730626569114, 3.500674530486282, 3.500128357839958, 3.499103528018211, 3.497606129919144, 3.4956470913216013, 3.493226497778345, 3.490353141756435, 3.487025158352734, 3.483238558513797, 3.4789901256509657, 3.474285871274317, 3.469130246285127, 3.463533039148026, 3.4575058218047987, 3.4510592838127985, 3.444204268084899, 3.4369492265608175, 3.4292914003545794, 3.4212385400218177, 3.4127751024808246, 3.4038941466932875, 3.394592122215971, 3.384859308354421, 3.3746821210135955, 3.3640508398886877, 3.3529608584036823, 3.3414157186304294, 3.3294252684327876, 3.3170076092523493, 3.304172280837878, 3.290931312563328, 3.2772921865181153, 3.26326338231415, 3.248841949936646, 3.2340284943320587, 3.2188197248967114, 3.203223958765946, 3.1872446187131804, 3.1708845831650914, 3.1541542177981574, 3.1370564332633895, 3.1195953156642755, 3.101782262619006, 3.083620708214537, 3.0651249511474035, 3.0463090146603204, 3.0271868703737463, 3.0077573955008585, 2.988016203306846, 2.9679537896015886, 2.9475604519960874, 2.926825653999322, 2.9057457203691905, 2.8843214950786713, 2.862558708665027, 2.840465000116705, 2.818050251492964, 2.7953261337240063, 2.7723073773885365, 2.749007385854581, 2.725446155529737, 2.7016325532950534, 2.677586887590162, 2.653323321757619, 2.6288475986422895, 2.604167080861701, 2.5792868622501306, 2.5542071552082772, 2.528929497691063, 2.503455484049498, 2.4777902848104167, 2.451938372799769, 2.425907186567892, 2.399702069169574, 2.373335501347891, 2.346821417849247, 2.3201792971770305, 2.2934239721327727, 2.266574105331727, 2.239643007108898, 2.2126444778998504, 2.185587509138953, 2.1584773468486516, 2.131313935892393, 2.104084735487846, 2.07678296647881, 2.0494128928016404, 2.0219770878228425, 1.9944909375742432, 1.966968948435901, 1.9394300151148056, 1.9118924774729353, 1.884376961938748, 1.8569028092229853, 1.8294937677141094, 1.802170130883606, 1.7749495521192542, 1.7478483432080223, 1.7208860265020482, 1.6940850970076449, 1.6674723788212633, 1.641078406710254, 1.6149314933150716, 1.5890454604888338, 1.56342778895829, 1.5380757481452583, 1.5129871987641874, 1.488150963467197, 1.46357067051113, 1.4392581247022622, 1.4152323229385364, 1.3915301818213472, 1.368196004122975, 1.3452773727179905, 1.3228268912461156, 1.300897709574596, 1.2795487996432782, 1.2588333680721222, 1.2387943889888913, 1.2194614447871481, 1.2008624872607276, 1.1830176431307458, 1.1659531865844985, 1.149702575113319, 1.1343168480403314, 1.1198549818528132, 1.1063841967785224, 1.0939708779216022, 1.0826713074438183, 1.0725329922768778, 1.063599368741022, 1.0559037810733745, 1.049466087873172, 1.0443044675850155, 1.04044070400046, 1.037897115578846, 1.0367152664774688, 1.0369313108415814, 1.0385723826351798, 1.0416557171926857, 1.0461799592671632, 1.052132757686969, 1.0595024145450203, 1.0682663627649, 1.0783817827230713, 1.0897791021362413, 1.1023711695023652, 1.1160635054407197, 1.1307607546457525, 1.146361751782131, 1.162779180682123, 1.1799531099714808, 1.197849949858994, 1.2164486892532436, 1.2357296868567216, 1.2556609594889752, 1.2762161486789105, 1.297361027248137, 1.319051793238364, 1.3412426787454603, 1.363893186055757, 1.3869668787637965, 1.4104263960869148, 1.4342366133592441, 1.458367879828628, 1.4827903505089624, 1.5074726539602796, 1.532378701992492, 1.5574800849147892, 1.582764875147326, 1.60822173027966, 1.6338278308301564, 1.659564658411952, 1.6854258605748986, 1.7113986880202492, 1.7374510273303503, 1.7635550300400507, 1.7896756015652584, 1.8157685727746893, 1.8418013049703574, 1.8677477316982996, 1.8935959336867043, 1.9193407766180055, 1.9449795515319257, 1.970514643723705, 1.995951465846887, 2.021290299085296, 2.0465253740051645, 2.071657068277632, 2.096692209760292, 2.1216353447829515, 2.146483257804942, 2.17122752883777, 2.195848157553303, 2.2203168697365907, 2.2446145934065345, 2.26873354884452, 2.292659694342871, 2.3163904188774835, 2.339941342522785, 2.3633182794698566, 2.386531333353325, 2.4095893521763427, 2.432492788928546, 2.455250677285761, 2.477868139952296, 2.500353954885624, 2.5227167867433313, 2.5449619568700084, 2.567089278880629, 2.589102821568927, 2.6110089146927713, 2.6328072322489744, 2.6544937945106213, 2.6760742714757697, 2.6975536105438844, 2.718928975733206, 2.740196435436877, 2.7613478251509633, 2.7823688049148108, 2.8032522463437006, 2.823996362542207, 2.84460283500983, 2.8650796474849116, 2.8854324243419867, 2.905662022377807, 2.9257764803119803, 2.945771857165871, 2.965642026115283, 2.9853727368793437, 3.0049417126210267, 3.0243343760289423, 3.043533500262217, 3.0625202910262823, 3.0812829735392024, 3.09981493012822, 3.118109806777735, 3.1361644411793086, 3.153977626988999, 3.1715453125622384, 3.188864078390778, 3.2059322510360477, 3.2227447383635965, 3.23929487204058, 3.255576667836211, 3.2715808753770306, 3.2872949873774124, 3.3027034963928887, 3.317788275204251, 3.3325310203589598, 3.3469168994928724, 3.360934931044265, 3.37457889007387, 3.3878428718665887, 3.4007134311097627, 3.4131745779632716, 3.4252025140619238, 3.436770694975611, 3.4478505575913703, 3.4584129203591303, 3.4684312552023457, 3.477884302960355, 3.486754664220732, 3.495026509469456, 3.5026869868505095, 3.5097270447735784, 3.516135092171901, 3.5218964216994437, 3.526994238606914, 3.531409040026401, 3.5351209903763112, 3.5381097366303913, 3.5403547093839443, 3.541834957190157, 3.542524886176749, 3.5423969144323135, 3.541421673131692, 3.539570442644248, 3.536818322643987, 3.5331474024550276, 3.5285437049575656, 3.522999772256407, 3.5165095297036975, 3.509067099720376, 3.5006674130060658, 3.4913027578372167, 3.480964754517179, 3.469643733460052, 3.4573279546355282, 3.4440036546797566, 3.4296545014968225, 3.4142640843601146, 3.3978160560495723, 3.3802967380910567, 3.3616970225847704, 3.342012365293996, 3.3212408424404543, 3.299382689104807, 3.2764378744672578, 3.252406418453947, 3.227288004395389, 3.201082353399227, 3.1737912802828308, 3.145418493630101, 3.11596853568135, 3.0854468706677207, 3.05385950055684, 3.0212137101970042, 2.987517901639609, 2.9527845878382166, 2.917032071245697, 2.8802861757707814, 2.842581192758942, 2.8039588040578463, 2.764465920125633, 2.7241518482053406, 2.683064018911576, 2.64124529125026, 2.598735276299452, 2.5555725578091737, 2.5117993935791803, 2.467462666830823, 2.4226117191363263, 2.3772955909051747, 2.3315591537618148, 2.2854453411193227, 2.2389991322743494, 2.1922733087246296, 2.145329674096148, 2.09823748302282, 2.051071347262821, 2.0039109784532996, 1.956844963868695, 1.9099734440924498, 1.863409062572896, 1.8172739089541923, 1.7716969321337928, 1.7268112353557157, 1.6827524977361663, 1.6396597892403122, 1.5976743917776859, 1.5569378639934317, 1.5175905750826195, 1.479772486148365, 1.4436247631283075, 1.409289781293782, 1.3769125555862731, 1.346642690227578, 1.3186351917603858, 1.2930483321518578, 1.2700411524496387, 1.2497696045698816, 1.2323824387591151, 1.2180130238157425, 1.2067665585337322, 1.198708547221585, 1.1938575722994291, 1.1921882263737895, 1.1936385035090857, 1.1981190231094088, 1.20552478414512, 1.2157406979929894, 1.2286435271866363, 1.2440999707825824, 1.2619645624097453, 1.2820799426791007, 1.3042793069248324, 1.328391725473099, 1.35424798054199, 1.381684881179932, 1.4105472257464988, 1.4406881514202647, 1.4719689492207662, 1.5042587208682217, 1.537434090078552, 1.5713779421052745, 1.6059798590536127, 1.641135990679524, 1.6767494983175235, 1.7127304866569322, 1.7489964027512797, 1.7854727139864626, 1.8220919354863314, 1.8587938701163187, 1.8955238853074348, 1.932231218598886, 1.968867970300135, 2.0053889011308716, 2.0417530477806025, 2.07792494374723, 2.1138772695430155, 2.1495924360570973, 2.1850629405231183, 2.220290152637959, 2.2552804368417467, 2.2900410436983, 2.3245755422013183, 2.3588815033807005, 2.3929499243101415, 2.426766500138759, 2.46031351180463, 2.4935707008687955, 2.5265167460183466, 2.5591300466636713, 2.5913898416725023, 2.6232775394948886, 2.6547766947679294, 2.6858727220206484, 2.7165523378692256, 2.7468042997486215, 2.7766197109267536, 2.8059921518645066, 2.8349172604259065, 2.8633909277401632, 2.8914070049410703, 2.9189570526319684, 2.9460296816632567, 2.9726102159480403, 2.9986819965362925, 3.0242282992692124, 3.0492342982251737, 3.073687475523386, 3.0975761586060977, 3.120888185517949, 3.1436103536825333, 3.165729498737302, 3.1872336878491843, 3.2081126978675067, 3.2283588741978253, 3.247965999901889, 3.2669279155581243, 3.2852362971443614, 3.3028791912498643, 3.319841647505045, 3.3361077571210145, 3.3516636350013793, 3.366498033240372, 3.3806018794980948, 3.3939666468965117, 3.406583381247858, 3.418443093246589, 3.4295373228305337, 3.4398589907692747, 3.4494026660513515, 3.4581638848006375, 3.4661377559822655, 3.4733175075489027, 3.4796943508546168, 3.4852576137948166, 3.4899953801348307, 3.4938954252716625, 3.496945582862407, 3.499133261852428, 3.5004440111500945, 3.5008613456399322, 3.5003669203596948, 3.498942662463366, 3.4965724387919432, 3.4932432759366066, 3.488947166548114, 3.4836816107159696, 3.477450122066474, 3.4702608435414293, 3.462125198101643, 3.45305624274189, 3.4430668891449505, 3.4321677035652667, 3.420364607276102, 3.407658109042493, 3.394043173427258, 3.379510798830595, 3.3640507164716067, 3.3476535376011545, 3.330312780692237, 3.312025276054518, 3.2927905075387645, 3.2726091212005572, 3.251481685359613, 3.229408725018649, 3.206390836946746, 3.1824315794644953, 3.1575390735644753, 3.131726401508028, 3.1050112826850005, 3.077413335021368, 3.048951338775685, 3.019640297376185, 2.989491303112592, 2.9585126822751917, 2.9267119040005682, 2.8940986797483874, 2.860687013757206, 2.8264972189121145, 2.7915564644588726, 2.7558950283914636, 2.7195420326861566, 2.682522536694778, 2.644857229829383, 2.6065658272526777, 2.567669200949751, 2.5281896952780896, 2.488150246129754, 2.4475731007480652, 2.4064828927599637, 2.3649113288175476, 2.3228993765330896, 2.2804951204771204, 2.2377498434901613, 2.194712539915353, 2.1514288333167713, 2.1079429725801804, 2.0642999721707684, 2.020546455941203, 1.9767280918649692, 1.9328876886713322, 1.889066373891223, 1.8453089297429264, 1.8016715085311783, 1.7582270100585897, 1.7150673950274784, 1.6723019803642198, 1.63005240639109, 1.5884494744518025, 1.5476277450132072, 1.5077261349943827, 1.4688882458927774, 1.4312628470960989, 1.3950060060685263, 1.3602797202601047, 1.3272487411538239, 1.2960708464340909, 1.2668934818510582, 1.23984976134646, 1.2150573366895658, 1.1926209043093978, 1.1726365688204858, 1.1551931992506472, 1.1403757316717211, 1.128266907886307, 1.1189436313059744, 1.1124755089646252, 1.10891431414448, 1.1082880080326951, 1.110594993835875, 1.1158003734692576, 1.1238392685949445, 1.1346193647657923, 1.1480265930536449, 1.1639321635618483, 1.1821930628534574, 1.2026542589723095, 1.225152007454844, 1.2495184858430273, 1.2755898111607638, 1.3032107095877727, 1.3322367536299407, 1.362533855087011, 1.393978660237198, 1.4264530528982147, 1.4598446091496586, 1.4940439721037015, 1.528947443325568, 1.5644607396794705, 1.6004978924511861, 1.6369827584989722, 1.6738467834995983, 1.711026610980981, 1.7484577877343201, 1.7860800050680123, 1.8238387509524372, 1.8616855479135421, 1.8995813057441266, 1.937496705274117, 1.975410427842233, 2.0133053935179714, 2.0511669582825647, 2.088978340674289, 2.126719236698999, 2.1643643269609454, 2.201884150207326, 2.239246488902281, 2.2764220185024544, 2.313383328752396, 2.3501040583951656, 2.3865590490314266, 2.4227212717455155, 2.458565467730146, 2.494067785502103, 2.529205117057622, 2.5639574104571694, 2.598306299747148, 2.6322374188652145, 2.66574214567847, 2.6988139570656355, 2.731448903700291, 2.7636398782435654, 2.7953770883146745, 2.8266476886245817, 2.8574334767099714, 2.887711147905515, 2.9174541219896324, 2.9466326726139784, 2.97521229337703, 3.0031588817405512, 3.0304395972264895, 3.057028880489267, 3.0829052139717694, 3.10805137696897, 3.132454462301597, 3.156101587920484, 3.1789808041117085, 3.201079638537506, 3.2223853879086892, 3.242882756650136, 3.262559061259546, 3.281403857544767, 3.299408371361105, 3.3165680317901343, 3.332881234405206, 3.348347876766836, 3.362970920673227, 3.3767529191004653, 3.3896943507495596, 3.401792233668705, 3.413038098602411, 3.4234179596106427, 3.432914272164658, 3.4415112032859163, 3.4491945585322314, 3.455954389892358, 3.46178550501051, 3.4666860869146623, 3.470656512085277, 3.47369483342101, 3.4757949645418798, 3.4769513777341077, 3.4771564439075657, 3.4764050389324725, 3.474697353980044, 3.4720355291830995, 3.4684244088037173, 3.4638628148816433, 3.458349460795884, 3.4518800631684634, 3.4444476541346423, 3.43604497318246, 3.426667567214859, 3.4163128870613306, 3.4049820161182645, 3.3926802716813746, 3.379411435964148, 3.3651825118671272, 3.3500007926828443, 3.33387968129112, 3.3168341732863293, 3.298879034889582, 3.2800321395519263, 3.2603069366694926, 3.2397146824330094, 3.2182658250426632, 3.195965312626172, 3.1728134092204914, 3.1488086455198987, 3.123948293217865, 3.098231529897086, 3.0716618110014613, 3.0442425325483624, 3.015974472298234, 2.986867668169922, 2.9569313275418483, 2.926178720994154, 2.894631664277139, 2.862317543513969, 2.829265916923492, 2.7955064025233094, 2.761067999941334, 2.725981382707909, 2.6902764896636926, 2.6539821147172535, 2.617126977020489, 2.5797376859262005, 2.5418409345839033, 2.503461083232621, 2.4646341279896564, 2.4253902905514533, 2.385766589704307, 2.345804220592178, 2.3055348572812875, 2.264996251833476, 2.2242176060646384, 2.1832391528006756, 2.1421005765258867, 2.100846281435282, 2.059520654971956, 2.018158376954729, 1.97679261473067, 1.9354699146988832, 1.8942375324940852, 1.8531467906909995, 1.8122640882145429, 1.7716548797804397, 1.7313836334625023, 1.6915110851689872, 1.652102736455251, 1.6132412326469618, 1.5750129700551407, 1.5375220914265157, 1.5008834811635636, 1.4652135012072736, 1.430643037913782, 1.3972794782234716, 1.3652329344551624, 1.3346130392334157, 1.305505112508653, 1.2779916757521628, 1.2521521356123817, 1.2280517901535475, 1.2057513061786613, 1.185353161038881, 1.1669434345400418, 1.1506192552022128, 1.1364911917668612, 1.1246679893732892, 1.115239201404817, 1.1082834116829607, 1.1038259012115783, 1.1018819498926784, 1.1024323036514851, 1.1054411723582067, 1.1108899899773426, 1.118737976110945, 1.1289518901361226, 1.1414540074102875, 1.156164843024487, 1.1729738947963815, 1.1917757370461006, 1.2124419709282799, 1.2348140558565, 1.2587957577646058, 1.2842636401818344, 1.3111010087431394, 1.3392023071650474, 1.3684722070047146, 1.3988259077284027, 1.4301773590040823, 1.4624578354264843, 1.4956086215375124, 1.529548970736549, 1.5642282111981642, 1.5995896171893746, 1.6355682681387853, 1.6720988419925915, 1.709117529842597, 1.746554245910177, 1.7843595809517958, 1.8224614528285064, 1.8607958423826487, 1.899295711648267, 1.9378860144023717, 1.9765228781930797, 2.0151479266716903, 2.0537177871860464, 2.092176959047434, 2.130493106770739, 2.1686409317539206, 2.206564010498031, 2.2442318262563203, 2.281636522109863, 2.3187561504590857, 2.35557303813893, 2.392087681335693, 2.428272844611485, 2.4641249881062905, 2.4996255277760646, 2.534750765705237, 2.569471385803953, 2.603774493297513, 2.6376207206127247, 2.6709988241112206, 2.703890344297704, 2.73626057892374, 2.7680990942625683, 2.799384889516453, 2.83012236554207, 2.860300933960866, 2.8899107347217856, 2.9189585055642264, 2.947432473651159, 2.975316723833, 3.002596976083447, 3.0292769800115025, 3.055330901044509, 3.0807353797076042, 3.1054777585369235, 3.129520221320492, 3.1528566686037425, 3.17546939555708, 3.1973259031251136, 3.218412468135352, 3.2387133187510115, 3.258235295071283, 3.276951676284206, 3.294861922001476, 3.3119704095631928, 3.328279720156895, 3.3437712808862416, 3.3584407246950034, 3.3722741633029822, 3.3852958436271794, 3.3975089145767057, 3.4089073522205258, 3.419499646670596, 3.4292551576061117, 3.438180296344796, 3.4462770190237695, 3.4535349356307754, 3.459940707604087, 3.4654837519315493, 3.4701528273899265, 3.473931321335976, 3.4768228404113657, 3.478839562033909, 3.4799693546571473, 3.480210130334669, 3.4795707901585278, 3.4780293370942124, 3.475609678159237, 3.4722679406848482, 3.4679815836226004, 3.4627674201931797, 3.456633806775172, 3.4495529254148396, 3.44153485508311, 3.432585273577433, 3.422699752311121, 3.411904052910019, 3.400195336998813, 3.387574008934707, 3.374065883134241, 3.359649857202276, 3.344344517352926, 3.32812664080103, 3.3110024831069085, 3.2929761462220806, 3.274026921446873, 3.2541872791743223, 3.233446475217268, 3.2117807578731137, 3.1891551631166517, 3.165605477795634, 3.1411029252781004, 3.115611446731781, 3.0891713311750046, 3.0617490845610145, 3.033377790837119, 3.004060531699544, 2.973795128942142, 2.942557546372789, 2.910380181462179, 2.877274624780719, 2.843266032690549, 2.808311312389974, 2.772477870859079, 2.735796545528521, 2.6982698603773017, 2.6598981651695226, 2.620679891024482, 2.580668597806645, 2.5398219533043935, 2.4981394625925883, 2.455691138285468, 2.4124570619545063, 2.368470628444858, 2.3237848374887387, 2.2783933239992513, 2.2323416041561432, 2.1856380575103076, 2.1383279077072093, 2.090483339503849, 2.0420864199411093, 1.993193697514228, 1.9438422469031393, 1.8942004299827462, 1.8442649544234822, 1.7940800957121605, 1.7438368867372487, 1.6935845439218369, 1.643444690182648, 1.5936150821667503, 1.5441127214967516, 1.4951650535060548, 1.4468137323619394, 1.3990980516087383, 1.3521617162161148, 1.3064817531277195, 1.2620811055541628, 1.2192760111915606, 1.178258568956361, 1.139273367552602, 1.1029209384061331, 1.069496097244684, 1.0396160096012734, 1.0134711951676267, 0.991552492331297, 0.974325344278603, 0.9619592691367815, 0.9548856622706183, 0.9534316024882808, 0.9575008051714942, 0.9668947604832808, 0.981903350663361, 1.002066064722156, 1.0270083336737184, 1.0565256797087512, 1.0902711813552115, 1.1277527677672152, 1.16883932853668, 1.212951700950017, 1.2597482078116093, 1.3086897970708136, 1.359697657915499, 1.4126638828322724, 1.4671120632706476, 1.5227612420171102, 1.5795717474845359, 1.637338724068359, 1.6958437711655123, 1.7547922018814175, 1.8141880541983844, 1.8738553250986019, 1.9336243821344579, 1.9934220433520304, 2.053016823395646, 2.112378650736076, 2.17137294128234, 2.2298577720841664, 2.287960420846485, 2.345472319096162, 2.4022699306107596, 2.4583616616525927, 2.513591250035888, 2.567925616800366, 2.621188565214284, 2.6732964942990507, 2.7242774416450097, 2.7740782322229096, 2.8226969026980377, 2.8698114299410764, 2.915641044625758, 2.959913745181442, 3.0026278080792363, 3.0436567580788854, 3.082899090862308, 3.1203359172207517, 3.156052562824209, 3.1898724984126834, 3.221700557241395, 3.2516832308166004, 3.2795754303405658, 3.305455804230608, 3.329281724840296, 3.3508979995937245, 3.3704642249878805, 3.38794080358482, 3.4032796316232843, 3.416377182705496, 3.4273139790689173, 3.4361791940053266, 3.4427877099194086, 3.44720557458363, 3.449597900572656, 3.4497229460607017, 3.447710278659419, 3.443779510645101, 3.437869744077679, 3.429808120727079, 3.4198163489647295, 3.407820028891549, 3.3938917725424416, 3.3780463980694964, 3.360422218651742, 3.341082687819819, 3.3198625697988837, 3.296538586753732, 3.271491431521725, 3.2447084264655413, 3.2164037929530007, 3.186425364219557, 3.154745132507565, 3.1215768516003526, 3.086986692129938, 3.051049617611762, 3.013805823380258, 2.975283377130396, 2.9354841786271115, 2.8943729012526735, 2.852045467968146, 2.8086685109724665, 2.764188021949003, 2.7189304284035254, 2.672691617515587, 2.625838346661494, 2.5784843893493155, 2.5301366379271064, 2.481325938850806, 2.431601707727978, 2.3816928417305694, 2.331406905270794, 2.2808080187016135, 2.229680199957858, 2.178366602382856, 2.126953038737351, 2.0753988500566707, 2.0239348431116553, 1.9724567142338492, 1.921171469746449, 1.870672138225809, 1.8205005687504363, 1.7706958882571884, 1.7214542876301018, 1.6730156898146011, 1.625691925400586, 1.5797810475857956, 1.534410514209649, 1.490941593048613, 1.449660145498139, 1.4092141840319345, 1.3713049121428837, 1.336250627751066, 1.3033697079629254, 1.2732699642051033, 1.2467629271679093, 1.224005103846046, 1.2034556562637202, 1.1862169258148065, 1.1732721085895368, 1.1639151228728382, 1.158449410066088, 1.1574669008824183, 1.1602611581537108, 1.1683138562496633, 1.1800888365177817, 1.1951907668530786, 1.2134345511292113, 1.235793825872622, 1.26085416993401, 1.2895579532949373, 1.3206353266420836, 1.3548628622050713, 1.3919371188467007, 1.4305837739465723, 1.470979450843764, 1.5127843967568713, 1.5561069569515125, 1.6009792496649211, 1.6465865410226355, 1.6926956696674285, 1.7399817918982134, 1.787834621565105, 1.8368078106592702, 1.8861804793402663, 1.9357577988465675, 1.9858273527230204, 2.0357697556220478, 2.0865312710186448, 2.137225102532127, 2.1885502924027587, 2.2391170338960573, 2.289089353015926, 2.338723178017598, 2.3878524655611377, 2.4373204940062196, 2.4866360879572635, 2.5353604469589235, 2.583491342897212, 2.630417329193049, 2.6775119301834494, 2.724384986432086, 2.7704861044021905, 2.8152989193015574, 2.859857399279535, 2.9037121140908404, 2.946645076249962, 2.988600719935347, 3.0298871255934663, 3.070343867384414, 3.109377376931468, 3.1472095321910785, 3.1841927993795, 3.2198491323127203, 3.2539719646125635, 3.2876517059937753, 3.3204607847045917, 3.3519571796650696, 3.382619176312889, 3.411505237866489, 3.438673077923901, 3.4649354616076793, 3.489639935758011, 3.5126825874871455, 3.534461042465912, 3.554787946557035, 3.573962901943966, 3.5913958541984576, 3.6075371097302393, 3.6218497728421593, 3.634961051576699, 3.646726736767277, 3.6568542118821665, 3.665229946672881, 3.6720938985085176, 3.677210110952064, 3.680802269482486, 3.682766437233931, 3.682948707266356, 3.6817268717015166, 3.6789522567104203, 3.6744904344289053, 3.6683924213899988, 3.6605611401090337, 3.651137408773767, 3.6401223579563218, 3.627402054540589, 3.61308359306224, 3.597080569520398, 3.579147603886786, 3.5596040152929356, 3.5382630593085405, 3.5152401142642637, 3.490432454439831, 3.4639582111079807, 3.436113020249414, 3.40656236099228, 3.375272998164858, 3.342335338181842, 3.307828807036558, 3.2717217088038373, 3.233930338001497, 3.1947611097501736, 3.1541912039992845, 3.112289029642945, 3.0690103854386144, 3.024451362258865, 2.978666398363314, 2.931707610818819, 2.8836394715179945, 2.834521292600312, 2.784474495885294, 2.7335238236738886, 2.681750955849671, 2.629284003436608, 2.5762025761113025, 2.5226373173580425, 2.4687593121861795, 2.414767520303598, 2.3606599106897366, 2.3064342429187152, 2.252321263203186, 2.198670651253927, 2.145598693628649, 2.093499199261303, 2.0423668379973647, 1.991757920698304, 1.9422831242044178, 1.894403186141203, 1.8481398289694784, 1.8036734496852191, 1.7617689351383203],
[4.342307690975901e-15, 0.04395036469748316, 0.17693519492233398, 0.18524088428632868, 0.21754233048577995, 0.22760611171825162, 0.25038847824209215, 0.27843587829827504, 0.31471477827542066, 0.3199547624626023, 0.3443302745184223, 0.36191001951033946, 0.39154030674164714, 0.410031342449299, 0.433777849017277, 0.4554222743529122, 0.47648584632991975, 0.5013771029317182, 0.5303823620412454, 0.5503168536340155, 0.5778678744155565, 0.6046579757615202, 0.6309025911887718, 0.6589120412040009, 0.6868693820419313, 0.7174926430759282, 0.7454494488604962, 0.7761466237632434, 0.8074553892604895, 0.8376954930834627, 0.8701347866514432, 0.9051758623649422, 0.9352777211996551, 0.9699953108990585, 1.0030765715608303, 1.0397975449437091, 1.0739890641089451, 1.1103107195447668, 1.1448322882534008, 1.1816149304513344, 1.2179691423306807, 1.2580235986657378, 1.2924799496674868, 1.3310119989430298, 1.3675434058057807, 1.4074187621680234, 1.44511367534626, 1.4844538266626583, 1.5206837141821825, 1.5598473601614806, 1.597506634178748, 1.6384576700259657, 1.6745103218341124, 1.7130977538370815, 1.7495750754875756, 1.7885690943288475, 1.825682852294933, 1.8637821123152893, 1.8984090150129131, 1.9353122640090934, 1.970428936610748, 2.007864764760743, 2.0414775865050085, 2.0760813217372687, 2.1086724585388485, 2.1428184850061216, 2.175441797393962, 2.208388410810829, 2.238155231287709, 2.2691749948120186, 2.2985468160646687, 2.3292774482083765, 2.3573076124528685, 2.385156536165761, 2.4113065402209424, 2.438176005071393, 2.463925296056812, 2.489529319824552, 2.5125898351392766, 2.535996486122357, 2.5580813985098168, 2.580784116915122, 2.6017965718995653, 2.6219418208569243, 2.6408371270210007, 2.6598246498207168, 2.6780141776985427, 2.695838913631429, 2.711829210671642, 2.727575167348104, 2.7424453610496724, 2.757435122215439, 2.7714171951268134, 2.7841940361950566, 2.796174624770241, 2.807974546272794, 2.8192724486318004, 2.830169896954793, 2.8398670536391144, 2.8489100939981613, 2.857331594062453, 2.865641161971351, 2.8736328267190756, 2.88043957719367, 2.8867218678018722, 2.892628560268349, 2.8982313486550644, 2.9035631033372864, 2.908091474851408, 2.911821804444598, 2.9153290732817747, 2.91857254666087, 2.9218036313247513, 2.9240560395883595, 2.9260316349722855, 2.9276640077773375, 2.9290647444413667, 2.9304171592647874, 2.931349273440764, 2.9314650088382193, 2.931587405122258, 2.931400141428201, 2.9313598414205466, 2.9305937442626853, 2.929658493273439, 2.928478889591239, 2.9271404414881794, 2.925906607375004, 2.9245987921837377, 2.9225756420841904, 2.920786007958553, 2.918758834592799, 2.9169310432025113, 2.914771181029259, 2.9124145694668764, 2.9099194963530044, 2.907307115422861, 2.9047682219047894, 2.9023291552982693, 2.8992364496622183, 2.896440680937295, 2.893484257207562, 2.8906944227917237, 2.887914757760028, 2.8850285079054383, 2.8821399167152624, 2.8793350533422237, 2.876648034398853, 2.8743061384254256, 2.871532950865474, 2.869084746311839, 2.866650401907232, 2.864279234849358, 2.862112432640811, 2.859829054446936, 2.857512174887527, 2.855312580057134, 2.853087354546541, 2.851176840968207, 2.8489375752683666, 2.84686940287832, 2.8448909036401018, 2.84287627228229, 2.8411679407803643, 2.8394515276479524, 2.8377251124936493, 2.8363088573223503, 2.834899662733228, 2.8339115666915533, 2.832896119163061, 2.832060156246465, 2.8315523872421275, 2.8311069776284263, 2.831068886836979, 2.831211562321653, 2.831319505780339, 2.831835311310592, 2.832382378287282, 2.8332667303706636, 2.834273194750954, 2.8352961254107214, 2.836595976412877, 2.8378312257613487, 2.8392372808101007, 2.840773221145934, 2.842141125453586, 2.8438061062477202, 2.845435483133439, 2.847185876289919, 2.849062581506963, 2.8507645100694363, 2.8526495428839307, 2.854514679530175, 2.8564501617206757, 2.8586407785001966, 2.860748994771993, 2.8631462710707156, 2.8656718842335804, 2.8683033656536887, 2.871232985985145, 2.8741118444512637, 2.8772351810064425, 2.880553841139805, 2.883988553303794, 2.8878375175017577, 2.891758198016154, 2.8960018851887335, 2.9005373762810245, 2.9051881244199436, 2.9102043526223436, 2.9152500028384605, 2.920460119470659, 2.925879821476687, 2.9312926340849743, 2.936984594309081, 2.9426954705264032, 2.9484961126953784, 2.9545003257555758, 2.96044817212558, 2.9665772637398824, 2.972639764503188, 2.978607822638878, 2.9846292542444894, 2.9903928937201476, 2.996166686887287, 3.0017847684279917, 3.007188197772415, 3.01262400918878, 3.017821573518647, 3.0230116421783055, 3.0281139411815765, 3.033046710471071, 3.038037260253927, 3.0428134705427414, 3.0475743091681387, 3.0522847321495545, 3.056762756306274, 3.061307834554858, 3.065673834393324, 3.0700022959779876, 3.074363518700905, 3.078585464858653, 3.0829711393731456, 3.0873184537943503, 3.091755481520183, 3.096396732355133, 3.1009880372288876, 3.1058499019463612, 3.110804954813491, 3.115820466111256, 3.121074642578694, 3.126290551889039, 3.1316933259195077, 3.1371631521500802, 3.14262285155163, 3.1482597162440484, 3.153777671655963, 3.1594124454305894, 3.165124614331691, 3.170759141527033, 3.176555467910861, 3.182234117953731, 3.187901882148371, 3.19359343073459, 3.199114721982927, 3.2046969560432617, 3.210082635866781, 3.2153371176487218, 3.2204954816911546, 3.2252974101555067, 3.229987728471656, 3.234372622002876, 3.238460021490918, 3.2424005346737412, 3.2459500447429988, 3.249339055624747, 3.252436086718988, 3.2551901794471108, 3.257799561931981, 3.260022961364674, 3.262097093727467, 3.2639924534462637, 3.265611355306284, 3.267189790666062, 3.268466721314649, 3.269575448593196, 3.2705205279977365, 3.2711572360781003, 3.271761625495779, 3.2721403718102575, 3.2724206126309086, 3.272690059737894, 3.2727479882224557, 3.27285273336554, 3.272826191351799, 3.2727089845795607, 3.2726614316786535, 3.272488434698692, 3.2724751415949345, 3.2725375089826243, 3.2726872889742356, 3.2731276070968525, 3.273624396232361, 3.274389233044701, 3.2753459070310194, 3.276391827886331, 3.277748091670517, 3.279185215263553, 3.280864540748925, 3.2827838584481333, 3.2848164104294564, 3.2871716370219564, 3.2896061541355923, 3.292196908515133, 3.2949498945584788, 3.297628894712654, 3.3004506865251297, 3.3032125698263437, 3.3059415168744763, 3.308744109871702, 3.3114104499318286, 3.314161864950009, 3.316859968256616, 3.319490300669257, 3.322180891670115, 3.3246753667016113, 3.3271507985651128, 3.329509357642015, 3.331652859473254, 3.3337536871178837, 3.3355694696976275, 3.337246411765801, 3.3387585910916955, 3.3399928272751898, 3.3411354387343244, 3.341977319633756, 3.3426060956493377, 3.343042206982411, 3.343114349449558, 3.343028098664818, 3.3425933080765966, 3.3418454774041657, 3.34085450736453, 3.339464509664525, 3.337902718762054, 3.336069867445376, 3.333994601588535, 3.3318275867276053, 3.3293963374073328, 3.3269184192693033, 3.3243317776025587, 3.321635934420195, 3.3190214464347974, 3.3163060562063316, 3.3136746642853123, 3.3111081300077156, 3.308537559289282, 3.3062051457461994, 3.3039510381722716, 3.3019481434561624, 3.3002357337352812, 3.2987174563957717, 3.2976142850172825, 3.296760567267949, 3.2962763526982566, 3.2962409025962276, 3.296489899816225, 3.297258157066594, 3.2983743874559863, 3.299844942494876, 3.3017656434461533, 3.3039190613884397, 3.306499785826651, 3.3093892140810643, 3.3125645764549443, 3.3161809034723477, 3.320027885566356, 3.3243023649493235, 3.328944233273653, 3.3338543543995063, 3.3392095849207206, 3.34477010512949, 3.3506532613790627, 3.3568405093451994, 3.3632049702300915, 3.3699351948970704, 3.376810337390086, 3.3839043161658737, 3.3912163785195846, 3.3985282656028177, 3.406016848921116, 3.4134811350253993, 3.420943540584047, 3.428500970175247, 3.435972212717121, 3.443543901043539, 3.4510727513702095, 3.4585204819651683, 3.4659742200067774, 3.4731625494170117, 3.480240288282094, 3.487085870512758, 3.493605972562014, 3.4999603630661835, 3.5059263756102657, 3.5116295180156527, 3.517026963075925, 3.5219759557816883, 3.526632873298954, 3.5307674681384817, 3.5344666711482824, 3.5377539517162657, 3.5404867074662096, 3.542892586941271, 3.544839263526803, 3.546412733083157, 3.547729421592285, 3.5486208007784055, 3.549304740369725, 3.5496685440067104, 3.5497151789109864, 3.549579263627901, 3.5490650473614043, 3.548372804346225, 3.54746226924129, 3.5463217881526075, 3.5451445079929362, 3.543762303097214, 3.5423487848870563, 3.5409042881063537, 3.5393570931057883, 3.537903747960902, 3.536377300774345, 3.5348997837117797, 3.5335058603965583, 3.532091454368555, 3.5308762917635788, 3.529745379707397, 3.5288033549080646, 3.5281525750908487, 3.527649563332111, 3.527485096618489, 3.527517439683458, 3.5277510240671743, 3.528277521579116, 3.5288907647783385, 3.529755967052478, 3.530754245461248, 3.5318225165076567, 3.5330902803270283, 3.534355466177996, 3.5357678442174105, 3.5372866931986198, 3.538844730813596, 3.5406162288068175, 3.5424012353702397, 3.5442928124267317, 3.5462637288189907, 3.5481716995628485, 3.5501979125413734, 3.5521669793109365, 3.554157392537811, 3.5562127004637865, 3.558175163593531, 3.560231956135392, 3.5622414006915157, 3.5642380386539663, 3.5663144486696976, 3.5683046372380884, 3.5703882270596448, 3.5724549052025756, 3.574477901343191, 3.576574927567655, 3.578560006960361, 3.5805806157056, 3.5825698876284817, 3.5844766381496505, 3.586455381385969, 3.5883473114295654, 3.59031091295539, 3.5923624904789255, 3.594436357601097, 3.5967430397778957, 3.5991403917459257, 3.6017374388748054, 3.604564178480609, 3.60749658314313, 3.610711239573045, 3.614084093249569, 3.6176717398746376, 3.6215454631355177, 3.6255509690884313, 3.6298361567387034, 3.6342654789894198, 3.638794146972117, 3.643479109008109, 3.6481004235836556, 3.6527563101062954, 3.657324780162692, 3.661732791294622, 3.666050472695717, 3.6700499872655437, 3.6737824260019702, 3.6771366216284993, 3.6799658955468746, 3.6823874007705055, 3.6842228662077368, 3.68557016806377, 3.686493948204666, 3.686977445206516, 3.6873114084987177, 3.687499496552588, 3.6877500083864447, 3.6882268802627887, 3.688882433229784, 3.689949616862194, 3.691351778911266, 3.6930868379556268, 3.6952149275700026, 3.697510686904654, 3.7000541184431532, 3.7026967212797155, 3.705372222912811, 3.7082053359193012, 3.711077095578171, 3.714201894925673, 3.717633482007224, 3.7214033127503328, 3.725721978664939, 3.730461755218458, 3.7356880176783918, 3.7413430417804063, 3.747238693876041, 3.7534384435295443, 3.7597367855369965, 3.766194027280163, 3.7728900278326827, 3.7797825085978944, 3.787120521172331, 3.7948604345200705, 3.803033242464013, 3.811646267508774, 3.820435100446157, 3.8294085982097568, 3.8383984879185076, 3.8473668288089486, 3.856480264459229, 3.865693390431068, 3.8752328517386934, 3.885100009644714, 3.89520230178929, 3.905540509379863, 3.9158006271416124, 3.9259586210125166, 3.9359553343412026, 3.9457578073609403, 3.9556224969662885, 3.9655253870586975, 3.975568417921852, 3.985721114306785, 3.9957371895439993, 4.005599037680062, 4.0150950246536175, 4.024273409385674, 4.033267871553982, 4.0420403299968175, 4.05077105226139, 4.059319965322731, 4.067570917118589, 4.0754979993268545, 4.08291523485907, 4.089978826610207, 4.096746947776333, 4.103302871218762, 4.109805693652964, 4.116070917924302, 4.122083116394913, 4.127718732317491, 4.132891200253115, 4.137798367455243, 4.142425937744559, 4.146915357740665, 4.151259980724164, 4.155265745672802, 4.158959818593903, 4.162196795338304, 4.16508514522748, 4.167796147879603, 4.170291734431269, 4.172680762811001, 4.17474959577901, 4.176375730654035, 4.1775844106275795, 4.178294758666343, 4.178726889515081, 4.178882761015347, 4.178703042364442, 4.178167938400003, 4.17703232683728, 4.175381347144396, 4.1732562462650415, 4.1707048655780286, 4.1678834133873135, 4.16459118492386, 4.160787503198135, 4.156411581860711, 4.151434364948793, 4.146100357053878, 4.140367611349439, 4.134263941043093, 4.127709080840964, 4.120496452046983, 4.11277854212517, 4.104577273513336, 4.09605408863596, 4.08734778879137, 4.078301083847382, 4.06898231608446, 4.059360215886825, 4.049565426288934, 4.03987352179357, 4.030241545183719, 4.020738568397851, 4.011228420205876, 4.001694334911165, 3.9923860299402785, 3.983383040427033, 3.9748768206562484, 3.9668208360436377, 3.95907651427136, 3.9517665264520674, 3.9448813054672605, 3.9386406594480823, 3.933103634296098, 3.928070297198472, 3.923582098223009, 3.9195281451451947, 3.9160353648118162, 3.9132561894725715, 3.911070491484457, 3.9094887976614467, 3.9082787563935972, 3.9074670023419715, 3.9072211416487512, 3.907443171243331, 3.908191081469412, 3.909219154226384, 3.910369234886564, 3.911819586900833, 3.913502447097251, 3.9155469538311753, 3.9178574381338973, 3.9202356783807484, 3.9228535465376617, 3.9256349320784762, 3.9287646261270837, 3.9322254861133246, 3.93576761210873, 3.939434615924613, 3.9431952954437435, 3.9472205710456825, 3.951595214415522, 3.9561310898670117, 3.9608637178841013, 3.9656968273705644, 3.9708129171218594, 3.976379707999148, 3.9822302834416425, 3.9883924060712825, 3.9947873139220484, 4.001477384572303, 4.008707786891947, 4.016329541268172, 4.024347532845677, 4.032639758573944, 4.0412340817374295, 4.050364767396357, 4.059986838908823, 4.07007463230621, 4.080559863927488, 4.091365205855332, 4.102754225364997, 4.114617024602531, 4.126908900209082, 4.139482632238776, 4.152198966529949, 4.1652771883745014, 4.1786679296170925, 4.192247953796008, 4.205961289075414, 4.219651536465125, 4.233538198769913, 4.247643070057341, 4.261852226658102, 4.276112978671693, 4.2902702670596184, 4.304475599466312, 4.318781462660219, 4.333018606841343, 4.347178642857869, 4.361108535133451, 4.374991594025516, 4.388857547178451, 4.402614966797641, 4.4162221754724955, 4.429609734114948, 4.442954147445461, 4.456349304327395, 4.469691479078491, 4.482977834192644, 4.4961707324081885, 4.509431487978959, 4.52288175861436, 4.5363876075465654, 4.549936881677155, 4.563516936679141, 4.577221779512592, 4.591156145535408, 4.605112596173927, 4.619107624754118, 4.63315424081154, 4.647364496865581, 4.661840745757196, 4.676363897703083, 4.690952617625592, 4.705609761504456, 4.7203731289827005, 4.735235793901246, 4.74993686780842, 4.7644869411100235, 4.778932193848525, 4.7932831252492285, 4.807512645035247, 4.821420914705593, 4.835041858814024, 4.848498037920798, 4.861754233051272, 4.874783963932568, 4.887438200751777, 4.899734505076011, 4.911775179460854, 4.923392430251038, 4.934555041286107, 4.945155206680955, 4.955249965378355, 4.964966708166431, 4.974110664062779, 4.982691450378988, 4.990671949936211, 4.998115117989715, 5.005112733358321, 5.011427926444468, 5.017093587784011, 5.02215061871027, 5.026687798893827, 5.030794991514301, 5.034308454522799, 5.037318247104232, 5.0399507998720905, 5.042198879986095, 5.044065082301891, 5.045388492000861, 5.046236487371371, 5.0467622574110305, 5.046871347733121, 5.046568043661416, 5.04581391847292, 5.0447045294773245, 5.0433950847202835, 5.04169422759789, 5.039646936994921, 5.037324409332835, 5.034803532577678, 5.032174984631837, 5.029202219101145, 5.025964913472985, 5.022562606852153, 5.018951440230824, 5.0151431068590195, 5.01095697789312, 5.006552231743909, 5.0020426663232715, 4.997311179624087, 4.992383160917468, 4.9872219120478345, 4.981986334249816, 4.976712702289387, 4.9711979177883086, 4.965504077182776, 4.959684514342235, 4.953790749788543, 4.947796224902479, 4.941539838778353, 4.935186396588288, 4.928817197419841, 4.922350662456054, 4.915765294244143, 4.908998941133774, 4.902242523554085, 4.895504305209457, 4.888614591765903, 4.8816606219884555, 4.874664689977813, 4.867730536562079, 4.86079386727135, 4.8537248678296105, 4.846745354182224, 4.839887360900157, 4.833152019330306, 4.826512954994099, 4.819942431770875, 4.813682683442889, 4.807661306684085, 4.801788822192188, 4.7961464695007665, 4.790752057288101, 4.785712204664154, 4.780875425802644, 4.776197496057486, 4.77185043091714, 4.767777850878463, 4.763985024312599, 4.760392883834801, 4.757050409988688, 4.7541426497220485, 4.751522023859636, 4.749164395884649, 4.747138045128378, 4.745462999883883, 4.744175124441439, 4.743082733668406, 4.742250314143941, 4.74179545458296, 4.741586417730649, 4.7415999533980715, 4.741739967148493, 4.742091945371191, 4.742724789767092, 4.74344622473785, 4.744330137139773, 4.745419122776392, 4.746725850506961, 4.748213003959495, 4.749717599733817, 4.751411813234924, 4.753287248597233, 4.755199399378649, 4.757181749819636, 4.759208796630251, 4.761406341621818, 4.763705179515902, 4.7660035278278245, 4.768481091687811, 4.77112279126483, 4.7739200831660416, 4.776826374885264, 4.779832430282312, 4.783121927588486, 4.786565805938196, 4.790114461458657, 4.793879222308217, 4.797865782460726, 4.802118819736679, 4.806502443823773, 4.81107591267243, 4.815982778909219, 4.821086975058848, 4.826397954773029, 4.831939565959164, 4.837773293700398, 4.843941689973625, 4.85027379274335, 4.856877848262448, 4.8638189968486625, 4.870995895701258, 4.878403878053339, 4.885993752920631, 4.893887254624295, 4.902028886055094, 4.910225437030152, 4.918566321111458, 4.92699566777659, 4.935436712534525, 4.943806918971087, 4.952061279637832, 4.960374949779817, 4.968645342694498, 4.976816457692423, 4.985014562217979, 4.99323281844689, 5.001492007214614, 5.009662537913123, 5.017766080336971, 5.02591579032569, 5.03391322510358, 5.041735055556147, 5.049402497616441, 5.056918495240971, 5.06427857221863, 5.071330619024396, 5.078207815376757, 5.084961776609529, 5.091444228084991, 5.097689594152558, 5.1037019621416535, 5.109552700230377, 5.115166255243425, 5.120445222453601, 5.125589063197911, 5.130568338876614, 5.135304953626704, 5.139843900888778, 5.144225701606456, 5.148555152453347, 5.152709380400448, 5.156717215867219, 5.160771251835548, 5.1647944497042255, 5.168781867371633, 5.172767677393286, 5.176840487337732, 5.181041707988841, 5.185199271835229, 5.189432655665432, 5.193844985050976, 5.1983377562260005, 5.202927701166054, 5.207629897324468, 5.2125668348419945, 5.217673377136298, 5.2228157883688535, 5.228158580000859, 5.233666272228066, 5.239236666242354, 5.244854825057973, 5.250531849949016, 5.256330791662925, 5.262056994063857, 5.267671621405354, 5.273313631753637, 5.27886905388691, 5.284299806687012, 5.289614914145991, 5.294893484115665, 5.300140848315863, 5.305140404036929, 5.309975687677683, 5.314667501564013, 5.3190407888313604, 5.3230476371739055, 5.326645735948172, 5.329887560409468, 5.332635063225268, 5.3347523964507575, 5.336413114165676, 5.337563722249526, 5.338142248876568, 5.338192265044626, 5.337749479889912, 5.3368760644462, 5.335417850611452, 5.333431901074335, 5.331058125135336, 5.32816710832917, 5.324785219352787, 5.320962051141153, 5.316753756078953, 5.3121501415301395, 5.307045492241293, 5.301617937977567, 5.295886250445566, 5.28976258067934, 5.283364417822543, 5.276740469510415, 5.269942126991634, 5.262916410164404, 5.255693589557239, 5.248458422296837, 5.241125022286146, 5.233730362408466, 5.226426861611363, 5.219233296637737, 5.212193311141948, 5.2053070684488265, 5.198730345143648, 5.19254339842801, 5.186640582567105, 5.181197791480678, 5.1762935502484275, 5.171906306686243, 5.168111175574224, 5.164958922627974, 5.1625950634531685, 5.16095130699422, 5.160022684891099, 5.15997942638239, 5.160706762223627, 5.1621484710617045, 5.164320844783496, 5.167200041677701, 5.170748516260661, 5.174793991674983, 5.179419619090978, 5.184632897567473, 5.190217301336245, 5.196202519995992, 5.202565674967731, 5.209231574611747, 5.216093962673361, 5.2230812264725275, 5.230310709640367, 5.237623068870322, 5.244935610934284, 5.252387500627768, 5.259896316690209, 5.267429338199636, 5.274966696788453, 5.282595510031438, 5.290363711247912, 5.298096858333835, 5.305923628613668, 5.3138974552765506, 5.321875791976066, 5.3298681369677405, 5.337835786340009, 5.34576117227757, 5.353477537091971, 5.360885461149947, 5.3681273996883325, 5.37505517672733, 5.381637596425286, 5.3879972937944505, 5.39413814354231, 5.400091371458488, 5.405815518006758, 5.411454971425022, 5.4170684901212915, 5.422496032890137, 5.42784413431669, 5.433078110305207, 5.438067593066794, 5.442787051802253, 5.447204973037938, 5.451395458618167, 5.455276387635416, 5.4589175868162085, 5.462556941289243, 5.466147710748933, 5.4697773571484785, 5.473587374506835, 5.477602273383856, 5.481817298924464, 5.4861409688374065, 5.490653315137797, 5.495276927399903, 5.499854923928724, 5.504543128777094, 5.50935580890313, 5.514286677300787, 5.519425944183635, 5.524865471502489, 5.530691731738208, 5.536790328830409, 5.543198849093828, 5.549979398221635, 5.556923478828763, 5.564009517156819, 5.571263787618596, 5.578646528510208, 5.586139237374068, 5.593748284912407, 5.601629929944919, 5.609726983145899, 5.617962925495078, 5.626464687471411, 5.635133690017584, 5.6438664569438926, 5.652674466429035, 5.661586924318672, 5.670644030827823, 5.679792915533751, 5.689167972274556, 5.698819741071455, 5.708580081611901, 5.718473444681573, 5.72845202187958, 5.738377481626617, 5.7481839308222815, 5.7578654672025165, 5.767499962991851, 5.777013344444197, 5.786422368954024, 5.795848808673853, 5.805126348048455, 5.814174868106008, 5.822995140160805, 5.831525425038972, 5.839733213369894, 5.847609358420058, 5.855292173599765, 5.862766017330752, 5.869936326886534, 5.876902770981887, 5.883555337918753, 5.889732612280165, 5.895425929297053, 5.900623696894528, 5.905347509893579, 5.9095814144445145, 5.913454136149939, 5.917031327135239, 5.920143531849787, 5.922831371185026, 5.925087258261758, 5.926793273298994, 5.9279786923946975, 5.928717489059017, 5.929111380617027, 5.929128256366722, 5.928785155958955, 5.9281806472674266, 5.927153460566081, 5.925698689475704, 5.923938751838078, 5.9218771789436495, 5.919601420091381, 5.917195151712736, 5.91474985673788, 5.912200992457414, 5.909435180199847, 5.9065655839901305, 5.90352113121711, 5.9002703975731565, 5.896978826373056, 5.893665451839122, 5.890321799190979, 5.8869073923892445, 5.88344213491724, 5.879935477500565, 5.87630435017683, 5.872746415594935, 5.869377132100936, 5.866153384250038, 5.863190838344426, 5.860476472491764, 5.857938360355471, 5.85553193081036, 5.853304504721397, 5.851379123396137, 5.849691205792733, 5.84833647014997, 5.847399782715784, 5.846700316266885, 5.846250079104848, 5.846100992091831, 5.8462574024013225, 5.84674875463995, 5.847600759946484, 5.848894479144887, 5.850462626207518, 5.852228411170134, 5.854307691515255, 5.856595748549674, 5.859124493741152, 5.862004950770184, 5.865192008397879, 5.868608890260428, 5.872154281508141, 5.875884523272966, 5.879741115666495, 5.883666973654771, 5.88784061320386, 5.892168615034062, 5.896527627733266, 5.900927657909269, 5.9053016059197185, 5.909653695850989, 5.914013757654112, 5.918511182742585, 5.923140555394648, 5.927747588771531, 5.932436120612229, 5.9371762887724815, 5.941908614724752, 5.946803980547328, 5.95189515363655, 5.957133851347916, 5.962427618860512, 5.967755063241638, 5.973109378249845, 5.978369743367036, 5.983683603317373, 5.989105066160766, 5.994476452226783, 5.999822533281218, 6.005113074012202, 6.01029183391331, 6.015380552376921, 6.02045081872317, 6.025551281240114, 6.03051030395126, 6.035328365752807, 6.0400584115860365, 6.044587653140571, 6.049033033638186, 6.053476406921979, 6.05783437662442, 6.062043986145159, 6.066076017411292, 6.069975928907235, 6.073702088776336, 6.077346748807697, 6.0810377553169825, 6.084617015243457, 6.088081754338022, 6.091508014697068, 6.094863963944878, 6.0982188671100825, 6.101644106211193, 6.105161977463357, 6.108642269673014, 6.112033384987458, 6.115439086401528, 6.118783535167714, 6.122108544873903, 6.125500208377968, 6.12881632796722, 6.131984701626538, 6.13502439512556, 6.137987493080463, 6.140888622757027, 6.143734288662644, 6.146581928957333, 6.149289914159501, 6.151825034247817, 6.154325701595644, 6.156756610653466, 6.159128895346221, 6.161454437374166, 6.163655148678975, 6.1656674765277435, 6.167513067725762, 6.169317092520678, 6.171032714546902, 6.172629169619419, 6.174173952980204, 6.175575887615328, 6.176886906045098, 6.178246326721363, 6.179637569142169, 6.1810064483472615, 6.182286795500302, 6.1834926830109485, 6.184596021295649, 6.185629819155323, 6.186727788245327, 6.187764329556645, 6.188689656000945, 6.189598783322596, 6.190467393027291, 6.191354407109417, 6.192334903429816, 6.193428461171173, 6.194551332124022, 6.1956683040253635, 6.19694673134035, 6.198347512560629, 6.199860112536839, 6.201585324231336, 6.2033756336877675, 6.205227606657906, 6.207281709645663, 6.209576801822387, 6.2121160597687926, 6.214847603770795, 6.217812541174952, 6.220970225955614, 6.224351333649208, 6.2281741102545904, 6.232312488425024, 6.236676218489691, 6.241356636502845, 6.246301669895823, 6.251552617121251, 6.257143293199306, 6.2630690265656925, 6.269227142734456, 6.275529459396265, 6.282135569392849, 6.288973323921081, 6.295960823358883, 6.303151218924787, 6.31034444932501, 6.317500324148763, 6.324674383247805, 6.331836551792963, 6.338930937247791, 6.3458595411927075, 6.35265018683559, 6.35924405546319, 6.365660185706428, 6.372008123496427, 6.378125382120034, 6.383944330277263, 6.38957344398386, 6.394936053179325, 6.400105794000286, 6.405081576792595, 6.409783760889893, 6.414155977795328, 6.4182157049930995, 6.42210721288592, 6.425774167028387, 6.429187512535996, 6.4324183996133115, 6.435370882782955, 6.438157989547357, 6.440913720821601, 6.443591846682003, 6.446201914635688, 6.448778021729451, 6.451399060930913, 6.454108602122609, 6.456938726936801, 6.459938415719219, 6.462943885607295, 6.465996088644748, 6.469248717161615, 6.472619177205989, 6.476125978798096, 6.479766074531145, 6.483507930427419, 6.487423924085655, 6.491625245893337, 6.496163699796045, 6.500911409034989, 6.505900245376483, 6.5112271443470044, 6.516861496883594, 6.5228743151834205, 6.529279184275051, 6.535956173797486, 6.5429817793678575, 6.55044066667619, 6.558366791846408, 6.5666543886772875, 6.575311827758881, 6.584358333694039, 6.593752126333227, 6.603631636051138, 6.614016868684382, 6.624736802244923, 6.635882133533829, 6.647468825128494, 6.659489417360267, 6.671940337648571, 6.684722067196071, 6.697753076166642, 6.710947797796923, 6.724365511631054, 6.737972435123377, 6.751580288146735, 6.765244890998966, 6.778935820690886, 6.792612305345536, 6.806371202708202, 6.820092687175991, 6.83368388779515, 6.847168253270018, 6.8605530383582005, 6.873845361309656, 6.886925871798249, 6.899807125245159, 6.91242553864204, 6.924759849005194, 6.936947945557614, 6.948869163876506, 6.960405500249465, 6.971648892510181, 6.982546292614455, 6.993112113996924, 7.003322370861631, 7.013096551204676, 7.022351687309159, 7.031082050439787, 7.039372576197844, 7.047083260381848, 7.054139538916218, 7.0606442461052135, 7.066562786635898, 7.07193931181831, 7.0768137843551875, 7.0810583353932275, 7.084694189157434, 7.087816313553637, 7.090500429508769, 7.0926911889620525, 7.0943822693942336, 7.095655196717736, 7.096478245396586, 7.096968535427177, 7.097149949816506, 7.096869269614064, 7.096182593722488, 7.095160489445054, 7.093792445445515, 7.092089548424286, 7.090022500772443, 7.087610027859791, 7.084868042409435, 7.0819228754333965, 7.078748556100891, 7.075217113719119, 7.071459946199351, 7.067533630521723, 7.06343310927026, 7.059261760267393, 7.054964547416808, 7.050534818303493, 7.046088876237786, 7.041647960600901, 7.0371389092744705, 7.032467837246326, 7.027765135406754, 7.02303746724614, 7.018240745197641, 7.013460018717704, 7.0085568888206105, 7.00353930470454, 6.998553442554898, 6.993528088502927, 6.988400248839706, 6.98318331464888, 6.977927312481117, 6.9726871149370355, 6.967499551930759, 6.962413611813965, 6.957334336483403, 6.9523093013054025, 6.947463267179855, 6.942656451633412, 6.937874424694755, 6.933130436747792, 6.9283629572302035, 6.923673799219311, 6.919070080078445, 6.914501552277041, 6.909964272842548, 6.905521409644802, 6.901220167172545, 6.896925133446908, 6.892688798345385, 6.888518172066106, 6.8843674792265155, 6.880383974686617, 6.876526008214972, 6.8727244980861375, 6.869104950787913, 6.865641530301599, 6.862249839811754, 6.858870127199354, 6.855524974283492, 6.852215007573723, 6.848905939264007, 6.84566383224685, 6.842461640561531, 6.839316016189151, 6.836401564332305, 6.833552384746896, 6.830696830608948, 6.82789234138697, 6.825131545444026, 6.8224617599334385, 6.819866566042333, 6.817313758171496, 6.814844449215019, 6.812517134601431, 6.810388233416707, 6.8082462963151436, 6.80607982674552, 6.803973532859309, 6.801961977862449, 6.800191614596312, 6.798660634352249, 6.797288235904789, 6.796240080193522, 6.79558936237798, 6.795277394004192, 6.795198770186463, 6.795361598878476, 6.79586303887414, 6.796823655246111, 6.798352454175403, 6.800398829719949, 6.80291041445537, 6.806107293811954, 6.8099421956445365, 6.814314853949966, 6.819210956004089, 6.8245491257775655, 6.830426597502117, 6.836925008442096, 6.844023048813002, 6.8516483440885585, 6.8597731345553274, 6.8683703208144875, 6.877228165255016, 6.886288895672652, 6.895543393219096, 6.90482842838009, 6.914172295958593, 6.923557320382868, 6.932932364208497, 6.942322548841401, 6.9515814722897264, 6.960510112967263, 6.969139477276357, 6.977530778815529, 6.985767268945908, 6.993716687189782, 7.001505811081838, 7.009176290241351, 7.016808954212057, 7.024409010211989, 7.031812382461726, 7.038834727458905, 7.045805381401408, 7.052691804606271, 7.059621197440458, 7.066478248961831, 7.0733780962588195, 7.080287362795965, 7.08730679426151, 7.0943126057500905, 7.101209080883867, 7.107971090363213, 7.114914144139606, 7.121977332333574, 7.129338390586572, 7.1369803418410935, 7.144921755572317, 7.153176739422499, 7.161770850987409, 7.1705385728977395, 7.179556446632944, 7.1887550285839215, 7.198214653331123, 7.207834401364255, 7.217697140600325, 7.227664154297381, 7.237745209575157, 7.24791311595691, 7.258167649116349, 7.268527998250712, 7.27922090967933, 7.290106182201535, 7.301189472656928, 7.312476265438928, 7.32394603655586, 7.3355155859767365, 7.347072642026788, 7.358507672052911, 7.369790346497621, 7.380912142562185, 7.391831925203366, 7.402347745864729, 7.412560298052353, 7.422535264898856, 7.432221084305194, 7.441671343360758, 7.450849954825174, 7.459809913909862, 7.46859710439013, 7.47707644277478, 7.4851371887164335, 7.492806173127649, 7.50010693294202, 7.506987053331307, 7.513379055541527, 7.519362351322535, 7.524960550434074, 7.5302393630132665, 7.5351802865136905, 7.539596103411835, 7.543666939822183, 7.547453094181206, 7.550932234208875, 7.554107210861028, 7.557076476745389, 7.559763884115497, 7.562300782514205, 7.564571899402023])
[Finished in 245.154s]
