[Command: python -u /Users/kawaisk/Documents/GitHub/Zakharov/Zakharov_DVDMandGlassey.py]
L= 20 Emax= 1
N= 30 dt= 0.03336581616182292 dx= 0.03333333333333333
954

Glassey実行時間: 33.65937350000604
初期値に対するノルムの最大誤差: 2.5794921754140887e-11
初期値に対するノルムの最大誤差比: 8.998913176579441e-12
初期値に対するエネルギーの最大誤差: 11.466309385582106
初期値に対するエネルギーの最大誤差比: 2.667759776433061
各要素の最大誤差: 3.227879946685706 5.1001845034101745
各要素の最大誤差比: 2.126786592195206 0.4437838155927396

t: 8.0 , 1.1485357228715534 2.444902245928454 , 0.7741434095482564 0.21870418924426335
t: 16.0 , 2.8780783862546557 3.388429516028222 , 1.9402252665770996 0.3030259221342185
t: 24.0 , 0.46512645323607027 4.043412604587304 , 0.3135063217301384 0.3616981166827282
t: 32.0 , 1.1280388694477377 5.1001845034101745 , 0.6676716742406446 0.25075929651591683

(0.04716342650036864,
[1.785881180285055e-15, 0.08424652105166824, 0.0910791668001287, 0.1132581241733734, 0.12285691457005717, 0.1405785149547956, 0.15274657098366062, 0.16995355048055016, 0.18453325501045115, 0.2025444075402092, 0.21946574534403246, 0.23882406502081088, 0.25803164381094956, 0.27900484431377953, 0.3003860409779358, 0.3231096494327004, 0.3465398194860907, 0.3710369957507401, 0.39640717976476136, 0.4226295709622852, 0.449823529981117, 0.4777070623315487, 0.5065880339431544, 0.5360564504468253, 0.5664981441214579, 0.5974480216133916, 0.6293378106361414, 0.6616614385438839, 0.6948781234429953, 0.7284762934551672, 0.7628990182353862, 0.7976651867966634, 0.8331828759992229, 0.8690042611988938, 0.9055073066724576, 0.9422756090431661, 0.97964962825691, 1.017258110442839, 1.0553905776386288, 1.093727966438205, 1.1325115953960028, 1.171465133332315, 1.2107896486853182, 1.25025074756221, 1.2900042470257604, 1.3298638478689895, 1.3699382959209272, 1.4100844025295993, 1.4503726383417899, 1.490695870517583, 1.5310891161106541, 1.5714820429890077, 1.6118720511676201, 1.6522253090261148, 1.6925053195253759, 1.7327094883753245, 1.7727761382000322, 1.8127280397806782, 1.852468278793314, 1.8920369022855525, 1.9313222837233037, 1.9704316769011296, 2.009257923296275, 2.0478570322675207, 2.085957482111151, 2.1235953743151503, 2.16072798402929, 2.1977840210043427, 2.2347011969380635, 2.2712642808112062, 2.306691511561566, 2.341079307124316, 2.37492454364674, 2.409010319524717, 2.442800383294626, 2.4757521792431643, 2.50762225922545, 2.539092237578541, 2.5698757198986586, 2.59965680320463, 2.6283049492300576, 2.6565990378238484, 2.6842564675880154, 2.7110073838874196, 2.7367723699514515, 2.7621609901214543, 2.786631902318826, 2.810049372886312, 2.832529665546047, 2.8544462724975523, 2.875143014349204, 2.8948698683036675, 2.9137999540440065, 2.93195560964358, 2.9488491366199234, 2.9650573988285323, 2.9804245200484614, 2.9948038597101374, 3.0081329209964376, 3.020881115793923, 3.0325071656082314, 3.043211734020647, 3.0530969029806774, 3.0621765802038166, 3.070095515302993, 3.077393678024137, 3.0837707708693727, 3.0892308027398627, 3.093855177063642, 3.097855367819594, 3.100784291778292, 3.1030941153406397, 3.104634763156488, 3.1053641064023934, 3.105286548984095, 3.1046772780302647, 3.103101350253682, 3.100933105299498, 3.098059931875481, 3.094448074537869, 3.090079797445693, 3.085217309447376, 3.0794575769174113, 3.073161069829833, 3.0662064687685926, 3.058589090733952, 3.050314116287974, 3.0415690104865507, 3.032005033883459, 3.02199519421249, 3.0113717889869434, 3.0001993129255133, 2.988507807289196, 2.976346675337629, 2.9634057511030223, 2.9500515442088666, 2.9361206378794344, 2.921849331100887, 2.9072035840913255, 2.892005454661276, 2.8760141832829222, 2.859598431492672, 2.8426705431820074, 2.825545347425932, 2.807976995937406, 2.7898190753119527, 2.771117841059007, 2.7520906228178483, 2.7324595255565955, 2.7124063458645957, 2.6917491666842244, 2.670752296221093, 2.649410266195924, 2.6275813590300503, 2.605165887214435, 2.5824538381131075, 2.5591956992241602, 2.535507075335133, 2.5112257292201843, 2.4865260357657317, 2.4614279285395892, 2.4358316119787524, 2.4096427760320758, 2.383173000912121, 2.356151288058715, 2.3286622813802627, 2.300632542022643, 2.2721676531048933, 2.2432062018694934, 2.213695066157158, 2.1836130480600695, 2.1531950337418357, 2.1221143388476205, 2.0905436520427454, 2.058487343004005, 2.025937446031548, 1.9928175972822875, 1.9592118729588053, 1.925111101662698, 1.8906118775757397, 1.8555004342251489, 1.820093034503955, 1.7842795603361405, 1.7480385746248603, 1.7114829547333452, 1.6746814806180845, 1.63750922481596, 1.600121750434435, 1.5624573461450122, 1.5246864443327763, 1.4866074782276293, 1.4484252997063574, 1.4101967486934255, 1.3718482665454172, 1.3334913007328406, 1.2953200979496005, 1.2571535992912848, 1.2192550782684117, 1.181599382887998, 1.1443468786578421, 1.107484945456785, 1.0712142053713611, 1.0356031733863513, 1.0005583524735833, 0.9661594525721611, 0.9327328142998387, 0.9001902363669869, 0.8689916180504037, 0.8390657820986667, 0.8103190708821874, 0.7828943495177584, 0.7571911624508368, 0.7335536128160414, 0.7122698364262362, 0.6934857402178061, 0.6774991114345212, 0.6643655130308354, 0.6547094467707381, 0.6484614953838291, 0.6456877784152566, 0.6468291588199647, 0.651991281167618, 0.6610733123665343, 0.6739651450082311, 0.690291615980234, 0.7099658604777805, 0.7326518534136864, 0.7580909617651694, 0.7858555120408868, 0.8158489979595058, 0.8478806067444383, 0.8815073262241957, 0.9165865907667747, 0.9530003258751014, 0.9904745375399349, 1.0289355481569535, 1.0681411523599722, 1.108036815357245, 1.1485357228715534, 1.189475788773075, 1.230739283081571, 1.2722901079982714, 1.3140776389250421, 1.3559478115358088, 1.3978576973993257, 1.4398165824914304, 1.481687535839535, 1.5234614734966878, 1.565063266118689, 1.6064395007765375, 1.647563632328853, 1.6883342975642404, 1.7287400657963354, 1.768767810544212, 1.8083525968811804, 1.8474729647470352, 1.8861349857370566, 1.9243289959139522, 1.962006095391621, 1.999203087713701, 2.0359197582108886, 2.0721221360782636, 2.1078210460573996, 2.1429869530660075, 2.177631357358674, 2.2117408417937408, 2.2452896089391836, 2.2783019585272517, 2.3107490755320397, 2.3426177006392965, 2.373931886101431, 2.40469438755385, 2.43489530456752, 2.4645362890921083, 2.4936405802212254, 2.5221975129820278, 2.550228408481833, 2.5777326543546506, 2.6046788278544115, 2.6310497993641095, 2.656826619490111, 2.6820258943069857, 2.7066455127503652, 2.730656456161421, 2.7540670120077513, 2.776853698667178, 2.799010605652649, 2.820536927913719, 2.8414240757797797, 2.861659075491393, 2.881259183659955, 2.900239560466472, 2.918588315268319, 2.936300821666715, 2.953370085424775, 2.9697772487963428, 2.985513528395998, 3.000551448277748, 3.014894704112145, 3.0285351934030693, 3.041474438122755, 3.053708971070679, 3.0652186760894002, 3.076004608173685, 3.086072336738446, 3.095410410380601, 3.104025201984549, 3.1119284740262962, 3.119132103761871, 3.1256417977024036, 3.1314789975513486, 3.1366479029199694, 3.1411643967253733, 3.1450316355657053, 3.148251786928396, 3.150835222758911, 3.1527852421404976, 3.154104041131634, 3.1547897857666536, 3.1548424591272823, 3.1542762665341195, 3.153083154341625, 3.151276298711784, 3.148865648388439, 3.1458541282786543, 3.142242386001049, 3.1380457748444526, 3.133277110054377, 3.127951160884949, 3.122080248526619, 3.115673906368885, 3.108742451524545, 3.1012941194045336, 3.0933311432499826, 3.084874417476448, 3.0759334116007238, 3.0665219681443356, 3.0566411935757585, 3.0463015249378196, 3.0355115078077852, 3.0242716640702847, 3.0125921323899116, 3.0004781025160097, 2.987921679494424, 2.97492614298961, 2.9614897370553144, 2.947612355054115, 2.933293379057466, 2.9185369521972704, 2.9033475166257197, 2.887748540141761, 2.87175843708158, 2.8554003007674154, 2.8386932542381618, 2.821650895999987, 2.804289892496794, 2.786623939699332, 2.7686571170845644, 2.7503941362215225, 2.7318358219785766, 2.7129841902122647, 2.6938285438144085, 2.6743620829694477, 2.6545735118343092, 2.6344593612497684, 2.614012842192614, 2.593220813317325, 2.572061574970851, 2.5505265522480194, 2.5286110212202293, 2.5063089266298646, 2.4835979350346005, 2.4604443729240466, 2.436819367204489, 2.4127039706020263, 2.388063398679773, 2.3628602120427886, 2.3370682615402587, 2.310675059223012, 2.2836619367946143, 2.256019158868825, 2.227732022889303, 2.1987860598015363, 2.169180392832232, 2.1389058804368695, 2.107952701411725, 2.0763260679130413, 2.0440356438852456, 2.0110845400715065, 1.9774791593433028, 1.9432375188533444, 1.9083670192611049, 1.8728650986931452, 1.8367262661265302, 1.7999476745765144, 1.7625239102910593, 1.724463000102918, 1.6857738588072397, 1.6464688274878954, 1.6065698791967589, 1.566087605535323, 1.5250453379346331, 1.483478656943928, 1.4414244648658072, 1.3989219480962394, 1.3560013759966358, 1.31269882068462, 1.2690355535024607, 1.2250467976283232, 1.1807771090297936, 1.1362815415957945, 1.0916211163509806, 1.0468720285243036, 1.0021207497958204, 0.9574680061143372, 0.9130243013797378, 0.8689404194361207, 0.8254086429608203, 0.7826593277680588, 0.7410012743547684, 0.7008301168833622, 0.6626110585218367, 0.6269337286217465, 0.5944705156406717, 0.5660114610370827, 0.542440287549715, 0.5246815472682952, 0.5135878611044499, 0.509862938585281, 0.5139197539804584, 0.5257881759761757, 0.5451291585058106, 0.5713113545592552, 0.6035357784184519, 0.6409770066797407, 0.6828430440261094, 0.7284278421066169, 0.7771193058236717, 0.8283986125579967, 0.8818232536886834, 0.9370139091969101, 0.993640961167957, 1.0514415509552626, 1.110197003474889, 1.1697293542815208, 1.2298906962947993, 1.290542767310154, 1.3515517660668694, 1.4127895733359106, 1.4741386860544268, 1.5354989336634224, 1.596777768219981, 1.6578787590501656, 1.7186943611655603, 1.7791155399237657, 1.83904016536497, 1.8983809828526164, 1.9570551078549883, 2.01498279245605, 2.0720873549559093, 2.128292095966305, 2.183518707641572, 2.2376855214724674, 2.290711159290555, 2.3425185951317458, 2.3930352084099047, 2.4421914927644246, 2.4899214670600824, 2.5361654312845796, 2.580870011601117, 2.623990895318274, 2.665487048871376, 2.705319606264695, 2.7434474819115873, 2.779826288478789, 2.814413510299298, 2.8471732499725615, 2.8780783862546557, 2.907110919995006, 2.9342631186598642, 2.95953465821837, 2.982926424859607, 3.0044360025187014, 3.024055776035483, 3.041775997748795, 3.0575851866468495, 3.0714728618108507, 3.0834316715223617, 3.0934581963790175, 3.101555231028403, 3.1077297865085383, 3.111992621506044, 3.1143577302795507, 3.114841914517404, 3.113465010672067, 3.1102497275641015, 3.1052212455087647, 3.0984045054394294, 3.0898258831318426, 3.079511756756982, 3.0674893209439413, 3.0537890228573854, 3.0384453092623525, 3.0215004157789784, 3.0030002251710055, 2.982992683829239, 2.961526983847403, 2.9386531511625655, 2.9144223609565083, 2.8888816385685434, 2.862074078691418, 2.834038555609811, 2.80481276070706, 2.7744367703883652, 2.7429539046015905, 2.710408198552649, 2.676844718768128, 2.6423106546880892, 2.6068501549634813, 2.5705038246882337, 2.533307214552484, 2.4952893638679146, 2.4564789515678482, 2.4169041504097946, 2.3765901402245673, 2.3355597979133997, 2.293834031160685, 2.251430042594757, 2.2083627817787517, 2.1646432223887566, 2.1202833704561095, 2.075293088517858, 2.029687616863233, 1.9834835715192474, 1.9366988060395214, 1.8893521386927485, 1.8414619186484658, 1.7930466866105303, 1.744123586621972, 1.6947125373428262, 1.6448398209441277, 1.594530990386023, 1.543816878307047, 1.492730559809338, 1.4413084238036673, 1.3895916748316097, 1.337630131282064, 1.2854796239905089, 1.233216682996121, 1.1809204495331727, 1.1286812374590192, 1.076599836205946, 1.0247835971652228, 0.9733510440992881, 0.9224441343322938, 0.8722158770187713, 0.8228499908856564, 0.7745794739017762, 0.727682597142431, 0.6825133466427012, 0.6395180715364135, 0.5992473931865875, 0.5623806741526439, 0.5297239197369759, 0.5022324841307221, 0.4808828683889711, 0.4666176355020822, 0.46017760691296344, 0.46196729285517374, 0.4719508629410513, 0.4896850090640729, 0.514431933479605, 0.5453007851598646, 0.5813766460842753, 0.621820067215679, 0.665890423879484, 0.7129781540381838, 0.762556269860824, 0.8141695295280283, 0.867447656192087, 0.9220923403357635, 0.9778673436496815, 1.0345979141407733, 1.0921241818887741, 1.1503248380154938, 1.2090819502823638, 1.2682916233582802, 1.3278587588755433, 1.3876980685973992, 1.447708838537081, 1.50780945661427, 1.5679002462366265, 1.6278682841465582, 1.6876187085933314, 1.7470606998409346, 1.806110313922663, 1.8646830996581498, 1.9227036037762033, 1.9800995561833103, 2.0367868218565017, 2.0926933065544127, 2.1477404880026665, 2.20186114857066, 2.254983109408237, 2.307034087649383, 2.357937738168448, 2.407622980510848, 2.4560175756462224, 2.5030509505264997, 2.548648214355942, 2.5927460358926644, 2.6352850470823674, 2.676224412235276, 2.715525444403064, 2.7531524234037987, 2.789084224322752, 2.8232974517773877, 2.855776069874471, 2.8865090618305294, 2.9154814995419, 2.9426813219509786, 2.9680848952078933, 2.9916806665103906, 3.013469167479271, 3.03345359741888, 3.051629656295662, 3.0680206940051415, 3.082635067411322, 3.0954895340028203, 3.106603193634062, 3.1159812201984813, 3.123634717419876, 3.129575826410829, 3.1338205722708197, 3.1363791465343382, 3.1372608558102812, 3.1364765156536167, 3.1340301161732493, 3.1299373076002843, 3.1242074479443023, 3.116844023161538, 3.1078504530682936, 3.0972389310767854, 3.0850311292863952, 3.0712490180828396, 3.0559019529359035, 3.039013958119885, 3.0206049795376906, 3.00070132874105, 2.9793088511135344, 2.9564565111999253, 2.9321709671327802, 2.906467118886665, 2.879375066467656, 2.8509142781820977, 2.8211169602227164, 2.7900125272292793, 2.7576405856115795, 2.7240387678132607, 2.689232332452727, 2.6532566594376927, 2.616165720916738, 2.577999112872061, 2.538798228019303, 2.498641400014685, 2.4575581985045174, 2.4156156727171383, 2.372855649140466, 2.3293048015394584, 2.2850343979285874, 2.2400937545904505, 2.1945142167407576, 2.148336192717519, 2.101610311273953, 2.05436743993637, 2.006624328265084, 1.9584244504738046, 1.9098192881691392, 1.8608433478683557, 1.8115384139482584, 1.7619225427897334, 1.7120606920179713, 1.6619800796779238, 1.611729573824456, 1.5613609775687376, 1.5108745156593206, 1.4603125347163635, 1.4097076806661624, 1.359140871419543, 1.3086186621635358, 1.258222850847961, 1.2079806710511862, 1.157849409508995, 1.1079103691967178, 1.0582344867725204, 1.008914635412669, 0.9599767855698148, 0.9115673456619748, 0.8638409043507884, 0.8169624162837678, 0.7710140004482373, 0.7262204170543913, 0.6827437431402652, 0.6409238596113808, 0.6011476260139429, 0.5637042311632992, 0.5293644114159473, 0.49867335340201047, 0.47225080747773707, 0.4512412161961921, 0.43622828909668915, 0.42778901036370887, 0.4265560849123567, 0.4326045540662852, 0.44568392976457777, 0.46512645323607027, 0.49014280363714247, 0.5199662432436865, 0.5538437852827275, 0.5911948730523867, 0.6312338669908333, 0.6736955132027783, 0.7181092461609037, 0.7642999834541389, 0.8117635637814984, 0.8603250833951338, 0.9099304554294434, 0.960331043055229, 1.0113823462059872, 1.0630109610476646, 1.115183114661414, 1.167698701223232, 1.2205342493289209, 1.273636270269624, 1.3268546679790982, 1.3802215577628858, 1.4336847228688832, 1.4871900435253451, 1.540627011801531, 1.5939963769115353, 1.6472496945998967, 1.700400907512475, 1.7533009545998248, 1.8059924253504052, 1.8584125140019885, 1.9105427460195032, 1.962248401807567, 2.0135259369875844, 2.064454187361157, 2.1148916028850815, 2.164697261645853, 2.213902015660784, 2.2623216065218728, 2.310045426224434, 2.3570252302277166, 2.403068198492401, 2.4482272818020077, 2.492369069430573, 2.5354266487783326, 2.5774352536158025, 2.618376454661839, 2.658195363900606, 2.6967458532565334, 2.734089657467471, 2.770097360289541, 2.8047903827342897, 2.838008191908343, 2.8697775757799824, 2.899978872602724, 2.9286388326222235, 2.9557503889689785, 2.98113036591816, 3.0046765381313265, 3.0264449291588273, 3.0463817719722313, 3.0643548219383177, 3.0803583296369457, 3.0944035511705956, 3.106379284332123, 3.1162713827631223, 3.124027104239685, 3.129609507069256, 3.1329615060934595, 3.134064862758212, 3.1329182465925887, 3.1295434471202426, 3.1237242042409137, 3.11552886497507, 3.104933595043618, 3.0919347997228863, 3.0764113905273303, 3.058423971370835, 3.0379982152333818, 3.0152056209049483, 2.9899607712177416, 2.9623354178540926, 2.932194167069906, 2.899797779226792, 2.8649335108750953, 2.827528846544696, 2.7878970406526866, 2.7457856347831853, 2.701474166113672, 2.6549596836570197, 2.606091328375284, 2.555157921123668, 2.5021445822125794, 2.447060029301548, 2.3898186410409736, 2.3307081569689134, 2.2694858934397333, 2.206405416596914, 2.1415197059220064, 2.0750804557723215, 2.0068829668169954, 1.937125295289968, 1.8658898746678605, 1.7929634428502546, 1.7186187530702057, 1.6437403110825302, 1.5680281563762084, 1.4912376595505368, 1.413712539982413, 1.3359329631871397, 1.2581741042829477, 1.1808577768802713, 1.104405393137899, 1.029283166561324, 0.9559664020203099, 0.8849767875154972, 0.8180228974136885, 0.7569377613077203, 0.7025844670567712, 0.6575913048586417, 0.6240481351022522, 0.6045418894135139, 0.5999703615236176, 0.610098984866276, 0.6338131358980492, 0.6718419685273569, 0.7208892550031119, 0.7796400556316354, 0.8447010356649433, 0.9154944729670195, 0.9903430310297364, 1.0683363315069805, 1.1486643311797182, 1.2294622810074018, 1.3120620700040913, 1.394742623428153, 1.4773529213777619, 1.559839184935251, 1.6408572790803109, 1.721332766145661, 1.8007942173491684, 1.8786681347294256, 1.955422313381859, 2.0309237622564558, 2.1043387270843685, 2.176302751455703, 2.2466262104866446, 2.3146393481183516, 2.3802107307463856, 2.444095845711781, 2.506048069452105, 2.5654922844656025, 2.622578458100754, 2.6778489069474345, 2.730536551389643, 2.780573590159174, 2.8279290314339938, 2.872531223258845, 2.9147187650388666, 2.954245921800131, 2.991005022714268, 3.0250878009097852, 3.0567250535657084, 3.0857016574103304, 3.1122159308866104, 3.1359554391251643, 3.156944522621181, 3.175099485557493, 3.1903017922735954, 3.202864980190881, 3.213020912886076, 3.220731051109695, 3.2256776942378065, 3.227879946685706, 3.2270104212870683, 3.224024057626586, 3.2186737430131216, 3.2111105689306614, 3.2010717861676086, 3.1882476873481713, 3.1733148463825342, 3.1560711117199585, 3.1368025685283625, 3.114997574982515, 3.0911845336144164, 3.0651775073299525, 3.0366668554167076, 3.006167437023401, 2.973487551388652, 2.938874151000741, 2.9022173791444135, 2.8634310528210714, 2.823521429552997, 2.781361646240599, 2.7365320564336226, 2.6899751804455594, 2.6414512637040297, 2.59073084340549, 2.5382048971517075, 2.4837644100945946, 2.427450957370512, 2.3696222822328137, 2.3100442681346665, 2.2486073006446707, 2.1854062335322104, 2.1208870946848446, 2.0549765292503297, 1.9876470167121536, 1.9192459709690264, 1.8496041415529947, 1.7791427310928722, 1.7079304621048776, 1.636098774174239, 1.5638183705861806, 1.4915267160572794, 1.4192068504765196, 1.3472810854006354, 1.2757589070510338, 1.2048825795874045, 1.1349761580132125, 1.0664734304901267, 0.9999158185030294, 0.9359594664618482, 0.8754411456447917, 0.8194245922421438, 0.7689630878253533, 0.7256434726977422, 0.6909364703609094, 0.6661300898236507, 0.6525700013614731, 0.6508380157269423, 0.662064814931637, 0.6843446429009375, 0.7170127315315614, 0.7589386846735467, 0.8082755008253886, 0.8635069010123787, 0.9238557104156543, 0.9889557219848661, 1.0574397324902625, 1.1280388694477377],
[3.554563568891387e-15, 0.04453453334487069, 0.14651558608433649, 0.1647950415264793, 0.19849980854311952, 0.2241840491442996, 0.25281027955284, 0.2876561376744345, 0.3253374378322219, 0.3473124825883057, 0.37961382500544477, 0.4093072943908157, 0.442343055797937, 0.4727580624539358, 0.5037910271735864, 0.536060816595003, 0.5666086313420464, 0.598850913290236, 0.6328338720213392, 0.6639874865594444, 0.6973462042491096, 0.7320009478102653, 0.7641949115838834, 0.7981088910824548, 0.8322943815897081, 0.8680841043493486, 0.9018757315090667, 0.9372644937527602, 0.971879877662746, 1.007281482712905, 1.0432628357600615, 1.0805123459117592, 1.1147990934891754, 1.1510034186932527, 1.1865838542496625, 1.2242101590833467, 1.2597690901815426, 1.296120493225786, 1.331065053806268, 1.3668597073351005, 1.4025376710481396, 1.4393109977381089, 1.4726859438744357, 1.507406532988482, 1.5409211106717555, 1.5755821478950973, 1.6086908699985423, 1.6416075648978634, 1.6725642386843, 1.7041161082491214, 1.7347820184329072, 1.7661514880539995, 1.794461288407255, 1.8230518929617485, 1.8503470034430785, 1.8780007110881147, 1.9043436348904172, 1.9301738887175965, 1.9538310937221253, 1.977700720819948, 2.0005197958402006, 2.02355440589444, 2.044199174028068, 2.0645657153869554, 2.083632928407769, 2.1026871827985127, 2.120674037789858, 2.1380045991942906, 2.153429158686129, 2.1687196603195624, 2.1830232704802133, 2.1974312661296627, 2.209964757118099, 2.221990668448742, 2.232960057118234, 2.243573474067068, 2.253371548471788, 2.2624953811723505, 2.2700249111242226, 2.2774102298959606, 2.2838292397531137, 2.290287558104137, 2.2956462414025167, 2.3003327455994778, 2.3041652683242195, 2.307559073220432, 2.310349085247663, 2.3126534782890285, 2.3135487168345055, 2.3142444282443426, 2.3142250181612063, 2.3141004900891966, 2.313409190024856, 2.312209645971575, 2.3105181673660726, 2.3086933231256377, 2.3065812341309173, 2.304359495741664, 2.30121229619249, 2.2979184995947874, 2.2941362126178917, 2.2901818820757973, 2.2858906666335157, 2.2810802057094657, 2.2759142586141206, 2.270658414930662, 2.2652569576400245, 2.260010506129226, 2.2543011335608587, 2.2487544441254066, 2.243183226502218, 2.2377377793964395, 2.2325274614555077, 2.2271882229746596, 2.221833963794349, 2.2166725617701424, 2.211437368643324, 2.2065074909429216, 2.201278645074329, 2.1960492307635766, 2.1908710939443847, 2.18557747504016, 2.180455861278255, 2.1752183252080326, 2.169846003394537, 2.1647135691963983, 2.1594963896328916, 2.1545804985660197, 2.149694750118705, 2.1448629523205094, 2.140377327560054, 2.136026728005852, 2.1320713122813166, 2.1283874896666664, 2.1247882373035427, 2.1216808201378434, 2.1187878398012296, 2.1163643837403385, 2.1142839057079175, 2.112399182837701, 2.1109431760800637, 2.1096664807856285, 2.108727607245664, 2.108073074478324, 2.1074250173007876, 2.107146478613031, 2.106960322075637, 2.10695198642169, 2.1071247505074187, 2.1071338289527057, 2.1072429289547485, 2.1072035791878045, 2.107108954118918, 2.1071404202264232, 2.106922703606705, 2.106871836759362, 2.1068089115309387, 2.1066736909713986, 2.1067282040981765, 2.10659554354254, 2.106534629830764, 2.106580828636293, 2.106635372801238, 2.1071038539683093, 2.1077496282104846, 2.108816663450558, 2.1104406674857787, 2.112462757912896, 2.1151897554626764, 2.1183724777954516, 2.1220728061092617, 2.1263665292402862, 2.1310394858248336, 2.1363257198505137, 2.1420143700280083, 2.148153777844035, 2.1548861337622363, 2.1619507254822237, 2.169611180686199, 2.1776044407934876, 2.185847490448524, 2.1944167877800047, 2.2029157904539423, 2.2114565235032564, 2.2197515512596406, 2.227609834370568, 2.2351914246232876, 2.2420955410036716, 2.2485075800476375, 2.254355969081364, 2.2594543062360355, 2.2641866446800463, 2.2682834395169493, 2.271889366441742, 2.275072653448531, 2.277637642208309, 2.2799167196859034, 2.2817258970221563, 2.2831155707276674, 2.2842650008129537, 2.284917470237495, 2.2854044272621814, 2.2856641294824676, 2.2857613628967606, 2.2859477005472453, 2.2860719220997683, 2.2864226008211506, 2.287018130446179, 2.2879039720352345, 2.2894020352147817, 2.291355965629051, 2.2940166842243688, 2.297349296272113, 2.3012741410197557, 2.305960266855406, 2.311111005949786, 2.3168858092830455, 2.3232266270965987, 2.329899705711963, 2.3371132840251385, 2.344513101966357, 2.3520931973270853, 2.3598360297703005, 2.3674485264809926, 2.375129595176118, 2.382603471796669, 2.3898561660833133, 2.396992243651653, 2.4037088960494906, 2.4102553145492305, 2.416455778090907, 2.4221759911113074, 2.4275489125316523, 2.432246130695647, 2.436358935996977, 2.4397609463267527, 2.4422751616806018, 2.4440708209167115, 2.444902245928454, 2.444925316109117, 2.444140613066845, 2.442374228885624, 2.439850316077823, 2.4363760315251697, 2.432040636515745, 2.4269215867564866, 2.4208990534192782, 2.414271478729825, 2.4069765844422024, 2.399189426034924, 2.391128561236424, 2.382720183228979, 2.37429993181776, 2.365783044425888, 2.3572321070115874, 2.3488359655680138, 2.340417944736547, 2.3322502101800593, 2.324255134601764, 2.3163839145784975, 2.3088884586081817, 2.3015721151639914, 2.2947025050383063, 2.2882792849489952, 2.282165874530207, 2.276610175257195, 2.2713582600129736, 2.266512019466543, 2.2620964187634502, 2.257887204112239, 2.254102090768474, 2.250495819016152, 2.2470900670997627, 2.243999040628764, 2.241017567763918, 2.2384387413075086, 2.2361630780349144, 2.2342345389561573, 2.232844133365708, 2.231790652369402, 2.231280575313882, 2.231228953030318, 2.2315802426706353, 2.232512810653315, 2.233811540662302, 2.2356740177600987, 2.238040666720219, 2.240796522998962, 2.24414615706545, 2.247843235334184, 2.2520538437560176, 2.256784501377482, 2.261925793172336, 2.2677075910138016, 2.273879899043863, 2.280483370622291, 2.287469638392069, 2.2944903272102866, 2.301674236860922, 2.308704902903915, 2.3154789331005654, 2.321982572776663, 2.3278397777493773, 2.333176867932617, 2.337801455850562, 2.3416716342266573, 2.3450048909319245, 2.347631734434505, 2.349873832785954, 2.3518755544007868, 2.3537219935734237, 2.355816907910165, 2.3580921069146505, 2.3607906916653936, 2.3639249705871674, 2.3673195024810956, 2.371064023824213, 2.37484619416654, 2.3786365307910633, 2.3824085386917018, 2.386020005953224, 2.38976232324859, 2.393634507375367, 2.397843220492699, 2.4025480983092664, 2.4075234087783297, 2.41292928393448, 2.418494642875129, 2.4240947498002803, 2.4298024356472223, 2.4354339720506633, 2.441268034752687, 2.4473081532642356, 2.453603934746318, 2.460349620703774, 2.467223449314589, 2.474238326830639, 2.4811971257210295, 2.4878625145531776, 2.494478230325378, 2.500897657336598, 2.5072654600423743, 2.5135794468693726, 2.5195148177090427, 2.5250499948707437, 2.529816864990048, 2.5337907742853547, 2.5371219163906473, 2.53979417845483, 2.542112632613939, 2.5439727460144574, 2.545293132940643, 2.5460673138022547, 2.5461091789621633, 2.5456980613315032, 2.5449277191750204, 2.543897206904368, 2.542735642356677, 2.5411675071835798, 2.539293816132338, 2.5370878820309715, 2.534652579116154, 2.532397033048887, 2.5302773582509333, 2.5284449324011047, 2.5268149239081463, 2.5252659924593654, 2.5241282322631364, 2.5234799654493996, 2.5236012423144967, 2.524545530534487, 2.5259804079244685, 2.5280125984939836, 2.5305543250465723, 2.533794136582224, 2.537945942233587, 2.5427563295445683, 2.5483016988073266, 2.5543406882018562, 2.5608463892389888, 2.568072440569484, 2.5758274952668074, 2.5842112470618948, 2.5929353984057584, 2.6017483834612776, 2.610786552260092, 2.6199904076412026, 2.6294658372022433, 2.639008669469002, 2.6483536158918475, 2.6575808500984497, 2.6665977104898038, 2.675564077762073, 2.684491127383389, 2.6930824627183183, 2.701439954384665, 2.7094336452132266, 2.717232887975135, 2.725010276404171, 2.732471214243265, 2.7396694435821067, 2.746439813740788, 2.752895272190772, 2.759272119644238, 2.765308976018049, 2.7710430647534987, 2.7762782325506774, 2.781161757673204, 2.7859849139080075, 2.790667955440753, 2.7952795850513064, 2.7997958210430496, 2.804254051631437, 2.8090724782841145, 2.814180512955302, 2.819633653374492, 2.8254617272471108, 2.8316164645211903, 2.83847722188639, 2.8459851459973797, 2.8540389899637404, 2.862623427840075, 2.871571073995912, 2.8811955389477557, 2.8913551813891183, 2.901924953743178, 2.9127655350099104, 2.9237600604917535, 2.935073065635583, 2.9465230094789514, 2.9579270638167414, 2.969200561061105, 2.980248823116527, 2.9913139934551767, 3.0023030566708804, 3.013052747763768, 3.0235931402853455, 3.033875573051992, 3.044093744060024, 3.0542430789983115, 3.064081475005247, 3.073791787539137, 3.0833344214881877, 3.0928641574728477, 3.102360353703074, 3.1115269136098496, 3.1206520261554997, 3.129744522251668, 3.138884065135646, 3.1481172275434286, 3.157241771292142, 3.1665781102297266, 3.176168910365333, 3.1860202007136733, 3.1961401906475047, 3.2064005098220565, 3.2169806440076045, 3.2278242671724935, 3.238751447976037, 3.249714343852288, 3.2606615169118047, 3.2717025644404116, 3.282746978736083, 3.2935568116948586, 3.3041126510851373, 3.3143514233077487, 3.324256223497328, 3.333667548085888, 3.342346775879345, 3.3503980565332596, 3.35776122747219, 3.364387413620779, 3.370231723243174, 3.3751928691584627, 3.3795636583595723, 3.3832519030369386, 3.3861752571535177, 3.388429516028222, 3.3899502711099077, 3.3910237724680004, 3.39156950826017, 3.3915794784201805, 3.391363053481371, 3.390891840811825, 3.390303899481919, 3.38947253725001, 3.3883782730227967, 3.387269048040584, 3.3859977928206613, 3.3845729945634897, 3.3830100638738707, 3.3813698341045817, 3.379828371458525, 3.3782072773202496, 3.376550185697819, 3.374978995848072, 3.3734713558080767, 3.37204203071707, 3.370544169853554, 3.369043955677298, 3.3676181115412986, 3.3660467269266166, 3.364296743004458, 3.362360538415235, 3.3602813635367577, 3.3580654975134343, 3.355497825668421, 3.3527146032849284, 3.3498082939912583, 3.3466744685898653, 3.343345442434395, 3.3397265205471562, 3.336020201671002, 3.3322550865186433, 3.3282858974046463, 3.3243286855764027, 3.3204052504326524, 3.3166193832495128, 3.3129511282068327, 3.309305414206733, 3.3059842011809013, 3.3028646745515293, 3.2998868288431824, 3.2971540399714567, 3.2946284002219484, 3.292450418965623, 3.290408884432117, 3.2885247475615107, 3.286984150250762, 3.2855987447852004, 3.2844000323352587, 3.2833373832276944, 3.282483723728957, 3.2819165599196345, 3.2813748435368506, 3.280981457887155, 3.2807903104276566, 3.280697528930266, 3.2806840087354043, 3.2806591800719356, 3.280802411298087, 3.281058537346903, 3.2812472760103453, 3.2815435403929105, 3.2819491816774486, 3.2824396633532396, 3.2829808255659643, 3.2835726251243074, 3.2843765001108225, 3.285219848055324, 3.2860442140351482, 3.2869848741100016, 3.287974610663463, 3.2890080419110475, 3.290000448640235, 3.2910486172971707, 3.292298011855555, 3.2935335171127234, 3.2948442026892946, 3.2963475933206112, 3.2979955956071683, 3.299800096633444, 3.301664640331794, 3.303781619575885, 3.3061237070211935, 3.308470037706054, 3.311053117086696, 3.31386960805731, 3.3168926789055058, 3.3201419257162206, 3.3236230928822335, 3.3275653811295274, 3.3318089599954734, 3.3363528062767625, 3.341422755934367, 3.346911083905751, 3.35287082059231, 3.3593022870140388, 3.3663302037384804, 3.3740687549149344, 3.382291260288543, 3.391153557296556, 3.4006737492239045, 3.4106787961320286, 3.4211541410514834, 3.432000749823502, 3.4432981702415217, 3.45484790131387, 3.4665036578232526, 3.4784581814281514, 3.4905274643211115, 3.5026561392568363, 3.514858264000893, 3.527087961825691, 3.5393819553540413, 3.551471565202294, 3.5634355739860473, 3.575327930840825, 3.586863600831512, 3.598099355059283, 3.6089604947029255, 3.6193720195289942, 3.629232658894577, 3.638388238607085, 3.64702322586246, 3.6549756285253907, 3.662116927254025, 3.668611763232541, 3.6743789027208424, 3.6794351357488915, 3.683757274499611, 3.687453996474895, 3.6906703965932994, 3.693279610536443, 3.6955215254570515, 3.6975854832513027, 3.6994242552362966, 3.701174017901821, 3.702897882235142, 3.704724434236945, 3.7065819212670097, 3.7083903784638426, 3.7103277012770635, 3.7122357033306033, 3.7140622852960954, 3.7159548734945327, 3.7179367305012425, 3.7201240355432965, 3.722535845932118, 3.725354078869014, 3.7286820359190145, 3.732317267424431, 3.736382516283712, 3.740842954537275, 3.74550196438545, 3.750316826365807, 3.755204871993349, 3.760225467355657, 3.7652625816237046, 3.770310468667779, 3.7755802889376064, 3.780909297217855, 3.7862953535068287, 3.7918278438481186, 3.7973952381284803, 3.802936214845007, 3.808326646398757, 3.8136499904269416, 3.8188869868003352, 3.8239124952213146, 3.828976256485059, 3.834076882277852, 3.839105824006887, 3.8441064994794276, 3.848998049833934, 3.8537193290331966, 3.8581018354006544, 3.8621932276106183, 3.8661106793649123, 3.8696946200882847, 3.8731102429300153, 3.8764813858854508, 3.879725149077757, 3.8828576866799303, 3.885821874467807, 3.888645887217916, 3.8912184493307076, 3.8935603267253267, 3.8959263923603435, 3.8982118151714946, 3.9004357451072638, 3.9026867885919017, 3.904829432609011, 3.9068369439617636, 3.908658074773581, 3.9104348530646034, 3.9122518465479046, 3.914062518405404, 3.9161187093166654, 3.9183577778641685, 3.920632749621431, 3.923005576947017, 3.9253982626739803, 3.92784778490495, 3.930364287811472, 3.933030530056411, 3.935910878140676, 3.9387483244479045, 3.9415796927401288, 3.9443784631202283, 3.9469718270356626, 3.949508563275068, 3.9520636631112147, 3.9546944326307836, 3.957368564673917, 3.9600565197347497, 3.9628336227349696, 3.965522837962532, 3.968232289443734, 3.9711788874473077, 3.974279891802034, 3.9776240640458598, 3.9812108411376443, 3.9849763532428186, 3.9888952042013357, 3.9929553139609446, 3.997349090658036, 4.001960795122025, 4.00673630881232, 4.011778986587459, 4.0168518172207826, 4.021939972708919, 4.027127371324179, 4.032421098159334, 4.037872313197354, 4.043412604587304, 4.0491088289976505, 4.054839252977758, 4.0604970486794185, 4.066334459671193, 4.072296186173092, 4.078350679040931, 4.084585565933892, 4.090863178470738, 4.097162390089764, 4.103476442788342, 4.109950464710872, 4.116640741745332, 4.123416819589961, 4.130410483494222, 4.1375135624860375, 4.14463183154166, 4.151983504086932, 4.15956505043868, 4.167343489535302, 4.175284181114081, 4.183346078480746, 4.191517477181626, 4.199680821429162, 4.2080113247259705, 4.216494688411663, 4.224897102218463, 4.233269605707339, 4.241472018023026, 4.249421955894406, 4.257216536141306, 4.2648834430184275, 4.2724207037879625, 4.279668397510243, 4.286712012738651, 4.293624182060659, 4.300342007318926, 4.30710150463896, 4.313876686958361, 4.320552045873753, 4.327229039717014, 4.333923166692482, 4.340748571275024, 4.347721132931421, 4.354868096076275, 4.362209212005699, 4.369558283651122, 4.377077248615402, 4.384858312022346, 4.392813530139669, 4.401055176053487, 4.409486345039595, 4.41804915561121, 4.4268439036677005, 4.4359194925402905, 4.445302865031679, 4.454799505860683, 4.464424120486444, 4.474133309109401, 4.483829612735745, 4.493700247893535, 4.503658214705625, 4.513569465451229, 4.523469228180825, 4.5333359252816035, 4.543193497555331, 4.5530019644351345, 4.562733572953485, 4.572311301367935, 4.581580610651086, 4.590678897144087, 4.599585473898517, 4.608153753642071, 4.616449332646001, 4.624346692224093, 4.631847205369523, 4.639055984901338, 4.645991594181705, 4.652636227781013, 4.658867503150038, 4.664830674619681, 4.670594678005301, 4.676119211802981, 4.681570245815877, 4.686830764391032, 4.69185919953962, 4.696890646655407, 4.701938808196977, 4.7070245497887795, 4.712063455765729, 4.716999245114209, 4.721802740851246, 4.726447311953269, 4.731068852519934, 4.735583289777224, 4.73986041841191, 4.744110019669478, 4.748278567266412, 4.752412389726291, 4.756545445125058, 4.760585105333687, 4.764554954473216, 4.768549259355639, 4.772696384418391, 4.776942698791191, 4.781228628854877, 4.785683964585481, 4.790276981017495, 4.795091684443496, 4.800207817900584, 4.80539692299864, 4.810654173954915, 4.816038419670024, 4.8215341555354945, 4.827117878917635, 4.832709140754607, 4.838333602794308, 4.843957825676149, 4.849660482865956, 4.855478338160316, 4.8611180560437885, 4.866596952037167, 4.871939252904037, 4.877039228772712, 4.881969556543049, 4.8866044521456695, 4.890839515354332, 4.894711537365617, 4.898254468388754, 4.9014275465989705, 4.90399725801396, 4.906021142061622, 4.907611716703739, 4.908774819465129, 4.909684768555266, 4.910290203684302, 4.910486586541439, 4.91051750963043, 4.910406712181756, 4.910127180836868, 4.909570379212823, 4.908770776001044, 4.907810184799106, 4.9067920237863465, 4.905865505665508, 4.9049672247776295, 4.904030660236229, 4.9033168719054965, 4.9027356050414586, 4.902264262723524, 4.9018057394296495, 4.901264533482257, 4.900713435457018, 4.9002650789487365, 4.899887006559691, 4.899464239951453, 4.898905901702921, 4.898373265036838, 4.897694666490885, 4.8968581997421445, 4.895754316676017, 4.8942292072272995, 4.892402000362573, 4.890418398634288, 4.888161658767301, 4.885682732387495, 4.882937459335782, 4.879954985463637, 4.876756466160942, 4.873371139485434, 4.8698287858175116, 4.865952434323814, 4.862044759376039, 4.858139274534342, 4.854321647731686, 4.850724446983958, 4.847365260264336, 4.8440610255549466, 4.840992741729268, 4.838207713067751, 4.835789529919138, 4.83376279299289, 4.832252394613951, 4.831316961173005, 4.831015655888131, 4.831449269698859, 4.832512978194009, 4.8338614348060736, 4.835716886049997, 4.837857300011388, 4.840414617928921, 4.843216871922403, 4.846038549726188, 4.848829612553062, 4.851750442953314, 4.854563961617841, 4.857221488379523, 4.859433042459352, 4.861470908567215, 4.8632532632545535, 4.865038285785348, 4.866600194875288, 4.8680645104905, 4.869467528029111, 4.8709920814285, 4.872394611104118, 4.8738734483925725, 4.875058332029714, 4.876314065948763, 4.8775072767993, 4.878724800522421, 4.879805406567514, 4.880876591706957, 4.881913608954442, 4.882982535861515, 4.884124063178967, 4.885616618748322, 4.8874770881771115, 4.890012102662653, 4.893300780588277, 4.8972901291415925, 4.902140368042294, 4.907856571641657, 4.914349810855784, 4.921589569361746, 4.929590747758579, 4.938267490031499, 4.9475856303635455, 4.9575117730492915, 4.968068687131235, 4.979046515706985, 4.990772930706679, 5.0030693250663525, 5.015990152219164, 5.029515544601645, 5.043461914571005, 5.057581107926688, 5.071814107366217, 5.085988138630308, 5.1001845034101745])


DVDM実行時間: 751.7770115839958
初期値に対するノルムの最大誤差: 3.3066603233322667e-07
初期値に対するノルムの最大誤差比: 1.1535739258185713e-07
初期値に対するエネルギーの最大誤差: 0.0001258030264104093
初期値に対するエネルギーの最大誤差比: 2.931150250455335e-05
各要素の最大誤差: 3.1485373133168384 1.8993286758085328
各要素の最大誤差比: 2.109155714199305 0.17125935551789248

t: 8.0 , 2.295940819853343 1.7147047671506035 , 1.5475247473874703 0.15338573005013315
t: 16.0 , 3.0443118213789324 1.6932051683410676 , 2.052289730324297 0.15142267385877156
t: 24.0 , 1.9646487122911227 1.1815368899252219 , 1.324220084660792 0.10569281685284249
t: 32.0 , 0.9697445714578546 1.3767660827539994 , 0.573979318574394 0.06769105983274312

(0.04716342650036864,
[1.785881180285055e-15, 0.08416100451036575, 0.0902439929718001, 0.11121714437205844, 0.11873673156664744, 0.13393331343378645, 0.14260628661662486, 0.15592371203126165, 0.16562666330877868, 0.17839835274615842, 0.18917623990684354, 0.20202048164964467, 0.21395718133102248, 0.22728115778165298, 0.24039584457553115, 0.25449818856641043, 0.2688127815661044, 0.2838493706491467, 0.29939770341397953, 0.31545119468724386, 0.3322193474938314, 0.34934959010393374, 0.367284360292356, 0.3855030401257901, 0.40455954335667743, 0.4238271182787837, 0.44394744796636576, 0.4642193472591973, 0.48531973131220274, 0.5065438264969409, 0.5285400814054634, 0.5506418622471294, 0.5734605736386901, 0.5963592956144455, 0.6199163453034036, 0.6435425051735566, 0.6677532309627485, 0.6920327407193815, 0.7168244460687935, 0.7416810542170081, 0.7669874209743973, 0.7923543175606064, 0.8181069782867963, 0.8439273383820057, 0.8700680007939053, 0.8962838734336105, 0.9227654970112813, 0.9493256923311572, 0.9761039869064458, 1.002968843334093, 1.0300023457830916, 1.0571363019661146, 1.0843958175813466, 1.1117631204808391, 1.1392214089340682, 1.1667962777246768, 1.1944335427665345, 1.2222040147091173, 1.2499936395411815, 1.2778967478990981, 1.305786321902503, 1.3338621685316767, 1.3620077627022766, 1.3903250316582856, 1.4184339767312182, 1.446441059978237, 1.4743487246303593, 1.5028228905549241, 1.5317710888334912, 1.5608748509927521, 1.589041301148447, 1.616494586404011, 1.6440227775369132, 1.672765285375779, 1.7019141936017832, 1.7307053514054447, 1.758861812353869, 1.7873829272676212, 1.8158512585409168, 1.843859186451989, 1.8712863608636576, 1.8992420652464002, 1.9273040368913124, 1.9550965435277068, 1.9825453525121661, 2.010492727563055, 2.0381689646204517, 2.065418750500285, 2.0924292429620173, 2.119680132143575, 2.14628712946256, 2.172616958055146, 2.1988833133431913, 2.225080671800945, 2.25056736527494, 2.2761019901538315, 2.301443347656099, 2.32638003472433, 2.350839095389634, 2.375391966315934, 2.3993192704945163, 2.4228868119689535, 2.446199690269626, 2.4692417599151604, 2.491578463138637, 2.513861643686316, 2.5356845835953954, 2.557047618329756, 2.578039728359306, 2.59887483974407, 2.61900361911842, 2.638953378880435, 2.658506961862424, 2.677599921912393, 2.696225526777174, 2.714664369488247, 2.73240340875134, 2.749859644790384, 2.766874039628175, 2.7833944046703705, 2.7993982592835707, 2.815148947211056, 2.8301901612435416, 2.8449175329813365, 2.859180978359285, 2.8729735533242806, 2.886297214645653, 2.899330074673253, 2.9117113855793377, 2.9238406305607287, 2.9355325243354526, 2.946850270932381, 2.957816808410375, 2.968465381315478, 2.9785036062630574, 2.988318398785866, 2.997743625551115, 3.0069924857332095, 3.0159850838308118, 3.0245407917966194, 3.0324788918446397, 3.0401836252660708, 3.0475586230033676, 3.054855878666666, 3.0618041748675284, 3.0682851023417537, 3.0743727790384465, 3.080247370021138, 3.0856487614183092, 3.090752342239712, 3.095416675848969, 3.0998659334965537, 3.104058497274871, 3.1078665960816547, 3.111236642551933, 3.1144140033528016, 3.1171800372557823, 3.119643916405415, 3.121696558740673, 3.1234911067723634, 3.1250240553263153, 3.1262202091043068, 3.1270359510534593, 3.1277110644395245, 3.128027449827436, 3.1280693759648734, 3.1277996707354974, 3.1272993372115487, 3.1265174195321017, 3.1254305220027176, 3.124042039537078, 3.122496959601857, 3.120565932908115, 3.118388076653248, 3.115958270758365, 3.1132569707696094, 3.1102412039046685, 3.1069689350792156, 3.1034224612570886, 3.0996417566974777, 3.095498165073349, 3.091167611646592, 3.0865473965431742, 3.081614590541481, 3.076417851474238, 3.0709542714652263, 3.0651343191634077, 3.0590307136281916, 3.0525860779861267, 3.045856691917403, 3.0387270119900496, 3.0312905666634813, 3.023542797225532, 3.0154320637647545, 3.0069981550024245, 2.9982907390988127, 2.989205602131288, 2.9798395296871307, 2.970144503300651, 2.960149722806626, 2.9498187561323137, 2.939186445437438, 2.928224167139814, 2.9168726255727466, 2.9051466166398785, 2.893116594651242, 2.880705175500005, 2.8679977413050324, 2.854899578565095, 2.8413637640851115, 2.8274335744344685, 2.813184094060301, 2.7986323958356842, 2.783771751169158, 2.7685642805720936, 2.753024726277626, 2.7371165995147133, 2.7209277464035226, 2.7043785890202723, 2.6874687991111794, 2.670279606113694, 2.6527946786795993, 2.634973232147374, 2.616803719628135, 2.5982298965613833, 2.5792844237137404, 2.559934418699752, 2.5401804974554967, 2.519989476033594, 2.499418943292739, 2.478467847035193, 2.4570663798614323, 2.43525333273961, 2.4130512854871116, 2.3904179071991853, 2.367392364990691, 2.343943205947747, 2.3201198320308842, 2.295940819853343, 2.2713923403985157, 2.246492957324228, 2.2212910241091866, 2.1958037157740926, 2.1700028136127654, 2.143930487645467, 2.117637614304646, 2.09108107486364, 2.0643076458116045, 2.037309650474167, 2.0100903773124443, 1.98266833692078, 1.955012311386942, 1.9271653222287601, 1.8991487581319728, 1.8709425649325522, 1.8425814727648606, 1.8141073049833802, 1.7855367895138858, 1.7568643299764959, 1.728159595209849, 1.6994295962956445, 1.6706502679932898, 1.6418651944675065, 1.6130705943422348, 1.5843119044615703, 1.5555970840103344, 1.5269288926189402, 1.4983713081291528, 1.4699058532878617, 1.4415615606376797, 1.4134083469284855, 1.3854564014337964, 1.3577060327116852, 1.33017980159721, 1.3029153787662213, 1.2758774707158178, 1.2490873070644481, 1.2225086439491122, 1.1960737979975626, 1.169789493520654, 1.1436626365446474, 1.1177380697969115, 1.0919938947353611, 1.0663717861279518, 1.040916754058182, 1.0156040291089448, 0.9904673160420954, 0.9655442634955925, 0.9408463789950429, 0.9163928562675787, 0.8922638985663862, 0.8684749887813109, 0.8449713721235623, 0.8217620478322571, 0.7988548101180467, 0.7762343982032901, 0.7539598957924626, 0.7320505014994787, 0.7106581858718413, 0.6898608389356145, 0.6697590295626358, 0.6504303964658861, 0.6319210204311033, 0.61440624497527, 0.5980518020008054, 0.5829703920376877, 0.5693889211625243, 0.557504443763485, 0.547455320886785, 0.5393175883740329, 0.5331988708539585, 0.529054705229035, 0.5268816427997683, 0.5266006650570952, 0.5281513455050608, 0.5315056656214868, 0.536581540965601, 0.5432908039857066, 0.5515570697416351, 0.5613120265090551, 0.5725204886850829, 0.5850138723948749, 0.5987327008320408, 0.6135653483798168, 0.6293930228887789, 0.6461349186848446, 0.6637467580278601, 0.6821206066859977, 0.7011500828031785, 0.720725554830278, 0.7407427274076431, 0.7611222809639759, 0.7817817902347637, 0.8026281304453055, 0.8236182315412744, 0.8446467680291784, 0.8656438094714471, 0.886537853661479, 0.9073144269949797, 0.9279425408893609, 0.9483868076801922, 0.9686398357118997, 0.9886752710461428, 1.0084676458862365, 1.0280322052364326, 1.0473693303836331, 1.066494519807472, 1.0854147635177136, 1.104145768684484, 1.1226914821457459, 1.1410641859876807, 1.1592303456511326, 1.1771722621306848, 1.1948623094660396, 1.212275491177681, 1.2294049954824722, 1.2462405695154914, 1.2627630841225452, 1.2789595456937484, 1.2948209190702404, 1.310348273172575, 1.3255227034796497, 1.3403642552333848, 1.3548850085660666, 1.3691023997659084, 1.3830333312412182, 1.3966898594818111, 1.4100804118811514, 1.423221830071487, 1.4361252313262844, 1.4488054022061199, 1.4612783083321739, 1.4735639991788656, 1.4856883235941312, 1.4976814810493653, 1.5095778941300113, 1.521435745850527, 1.5332841085756208, 1.5451439394697055, 1.5570266770701449, 1.5689416194241925, 1.5808969685601633, 1.5928979618182926, 1.6049546998953113, 1.6170735161047887, 1.6292636644403071, 1.6415386207629445, 1.653902545494972, 1.6663622839409542, 1.6789121653788772, 1.6915425214490905, 1.7042481822717441, 1.7170397010885539, 1.7299330057666085, 1.7429502669502146, 1.7561070392610345, 1.7694207843722451, 1.7829040996444618, 1.7965552110846583, 1.810375354958714, 1.824361756980141, 1.8385063242510298, 1.8528031368760578, 1.8672398854245436, 1.8818091988150236, 1.8965068841347865, 1.9113383680884075, 1.9263068524197622, 1.9414187729391679, 1.9566789765015467, 1.9720843491684008, 1.987630534898595, 2.0033150920683194, 2.0191353260548452, 2.035092364076839, 2.0511879150144385, 2.067422532588993, 2.0837935126046814, 2.100293956158957, 2.1169164315458375, 2.1336547064237608, 2.1504971491255107, 2.1674356516211617, 2.1844610424292847, 2.2015664357933087, 2.2187430477007797, 2.235980144675245, 2.253269068425655, 2.2706028044354025, 2.2879774469870897, 2.305394037971333, 2.3228576252405917, 2.340374985113273, 2.357953905669339, 2.3756028324704404, 2.3933230149495284, 2.4111105893375218, 2.42895925629024, 2.446861045502813, 2.4648070813984613, 2.4827902758344, 2.5008040412943857, 2.518842422948655, 2.536893477768188, 2.5549371937143746, 2.572948522470862, 2.5909024188395406, 2.6087824195310367, 2.626578422476821, 2.6442795407687276, 2.6618697835823153, 2.6793287559170853, 2.69663965402029, 2.713791543555824, 2.730778179033995, 2.7475916185180047, 2.764218395323526, 2.7806412468780035, 2.7968440174368907, 2.8128145650232477, 2.828540197402735, 2.844008358930656, 2.8592071310612965, 2.874123537353548, 2.8887439377337794, 2.9030536528340747, 2.917037284542895, 2.9306777835688695, 2.9439557437815145, 2.95684990640235, 2.969338358516229, 2.9814012674277164, 2.9930229818989362, 3.0041942171053124, 3.0149118385562206, 3.025174432960433, 3.0349775002622508, 3.0443118213789324, 3.053164941124503, 3.061524811682851, 3.0693815075838855, 3.0767300824030084, 3.0835729157351692, 3.089918806678821, 3.095778075916809, 3.1011594523702937, 3.106068231574922, 3.110505954960003, 3.1144709651489024, 3.117959158538582, 3.120965670876979, 3.123484968882949, 3.1255118572017953, 3.1270432961350942, 3.1280784456819983, 3.128617932918383, 3.128665340019998, 3.1282270397731198, 3.127311683159793, 3.125927390854749, 3.1240805394135727, 3.1217742893444775, 3.1190077705638406, 3.115778420576969, 3.112083154990266, 3.107922092420564, 3.103300570657635, 3.098227720895258, 3.092716320134693, 3.086780866266624, 3.080438390066558, 3.0737036093681414, 3.066585981653505, 3.0590901734455627, 3.0512176805462534, 3.042969545315128, 3.0343508410496756, 3.0253692140703565, 3.0160359240070136, 3.0063684638078265, 2.996386925985303, 2.98611056181452, 2.975555713586481, 2.964733750287041, 2.9536550083809194, 2.9423322066751867, 2.930778829652119, 2.919007382634541, 2.907029788789757, 2.8948533586448693, 2.8824824556816857, 2.8699160462875795, 2.857154019014568, 2.844196315772484, 2.8310470710767044, 2.8177154430609366, 2.804211134618463, 2.79054284265834, 2.776716026052413, 2.762733244365959, 2.748594144001582, 2.7342958379977818, 2.7198375176589433, 2.7052145541386294, 2.690420452999662, 2.6754473049742504, 2.6602872347384108, 2.644933684221061, 2.6293847736884346, 2.6136387479667014, 2.597700420074364, 2.581573540708021, 2.5652604352814015, 2.548762608064662, 2.5320811202570197, 2.515214706872325, 2.49816503126723, 2.480931306069112, 2.4635105374869637, 2.4459045756075786, 2.428112299145883, 2.4101312539995976, 2.391962782184444, 2.373607491325563, 2.355071046633031, 2.3363580045855006, 2.317483556982854, 2.298455151366076, 2.27927920377802, 2.259960575683126, 2.240503870387001, 2.22091149530821, 2.201184261240084, 2.1813245954342735, 2.1613367676111737, 2.1412232838743317, 2.1209897983178765, 2.1006365346913474, 2.0801610911344293, 2.0595517959851026, 2.038787515425292, 2.0178490601833543, 1.9967225913032445, 1.9753921357764175, 1.9538536175785348, 1.9320957176689768, 1.9101143727273104, 1.887901848547386, 1.8654491651519884, 1.8427437543247716, 1.8197786435879142, 1.7965308741524344, 1.7729839192081167, 1.7491159182504397, 1.7248892517155234, 1.7002879957873112, 1.6753037344213044, 1.64992563798333, 1.6241434721227144, 1.597951027057737, 1.5713544951615899, 1.5443443308772886, 1.5169324413703043, 1.4891244268189157, 1.4609348455867899, 1.4323730073951586, 1.4034464245550902, 1.3741574277328303, 1.3445171026488034, 1.3145318570921134, 1.2842125372373439, 1.2535598776608665, 1.2225976373834633, 1.1913537286737736, 1.1598778453360397, 1.128227398155334, 1.0964505850787654, 1.0646245689459037, 1.032809525354443, 1.0010525044817953, 0.9694062807951168, 0.937891154921541, 0.9065486401415049, 0.8754178687563071, 0.8446027521737801, 0.8142480990695121, 0.7845143410105784, 0.7555068854900846, 0.7274238369339897, 0.7003945050609066, 0.6745210106565865, 0.6499430509253374, 0.6267409442976475, 0.605048630263407, 0.5850209991801646, 0.566799629229629, 0.550495508247658, 0.5362132071187573, 0.5240965048353515, 0.5142271516625871, 0.5067211758543004, 0.5016424042110424, 0.49901076145431655, 0.49886603993661066, 0.5012472789491245, 0.5061049252213937, 0.5133259991105616, 0.5227033782286729, 0.5341450363674004, 0.5474781283379482, 0.5625338778628906, 0.5790807224412626, 0.5969875517736518, 0.6161186829127885, 0.6362552767739017, 0.6573184271150271, 0.6791970876581609, 0.7018162237336871, 0.7250945895158596, 0.7489598659280782, 0.7733511309271159, 0.7981991131794716, 0.8234854792654357, 0.8491977899456705, 0.8752701450209349, 0.9016090879877293, 0.9282223110867043, 0.9549619925158818, 0.9817853437430606, 1.0086645402852659, 1.03552628283522, 1.0623933548397444, 1.089207534528582, 1.1158974754698945, 1.142462761490201, 1.1688938216831533, 1.1951477470972354, 1.221204831295863, 1.2470767149569977, 1.2727431287192275, 1.298132807641614, 1.3232397194370593, 1.348036551687273, 1.3725302819854082, 1.39667542982633, 1.420440100664143, 1.4438369328522427, 1.4668319537285635, 1.4894675298257574, 1.5117330559649071, 1.53362888585691, 1.5551151494887685, 1.5762183776586558, 1.5969656232597313, 1.617347474133987, 1.6374395376047168, 1.6572073250289958, 1.6766106706918724, 1.695621665785577, 1.7142708140440215, 1.7325298424678117, 1.7503817963295556, 1.7678218753673152, 1.7849108421287891, 1.8016490964424858, 1.8180371895516354, 1.8340950576297828, 1.84979131846129, 1.8651909703915488, 1.8802716558587733, 1.895015096352158, 1.9095084155704691, 1.9236895259523739, 1.9375743012879592, 1.951242492988501, 1.9646487122911227, 1.9778064619463325, 1.9907643926124696, 2.0035461228807336, 2.0161776344247038, 2.0286240013329486, 2.0409170978150635, 2.0530133964475685, 2.064986689008623, 2.0767762189599637, 2.0884077678905566, 2.0998810890544304, 2.111248065963303, 2.122534623275084, 2.1336694503614138, 2.144713644422288, 2.155698847579248, 2.1666093153219523, 2.177421790753129, 2.188199670126271, 2.1989646273963293, 2.2096740651353977, 2.220404755427157, 2.231117931472536, 2.2418113330927234, 2.252502462144999, 2.263238786064701, 2.2739553010474953, 2.28467463766621, 2.2953627043656217, 2.3061058152390475, 2.3168524051393597, 2.327611381108057, 2.3383937331730946, 2.349213450722268, 2.36005284530495, 2.370885111379474, 2.3817947294440076, 2.392896267986733, 2.404009609909736, 2.4151866418481758, 2.4264376160991903, 2.437699072430561, 2.4491419039602085, 2.460638011405794, 2.472142199716089, 2.4837157992223236, 2.495252034250426, 2.506838972880483, 2.518490740617058, 2.530307836659095, 2.5421111523928097, 2.554008338690283, 2.56595245630928, 2.578002477677097, 2.5900766775075987, 2.602195784465136, 2.6143900963368156, 2.6266356030650657, 2.6390017295938186, 2.6514340220513426, 2.663775524157759, 2.6761097371673213, 2.6885381156116592, 2.7009686909132244, 2.7133252278991167, 2.7257378967214443, 2.7381483107790134, 2.7505154637528846, 2.7628425170177118, 2.775152220734256, 2.7873849839887943, 2.799606043680695, 2.81173754938791, 2.8238902237900954, 2.835855951805786, 2.8476395384271473, 2.8592850662795244, 2.8708340152811633, 2.882135179808362, 2.8932817361417413, 2.90429881875121, 2.9153068378388163, 2.926112947453682, 2.9367933952354575, 2.9472607529895405, 2.9575380933877726, 2.9677416927473113, 2.9775057939873686, 2.9871791627822337, 2.9967402915408448, 3.006020320317327, 3.0152569151198607, 3.024168768038819, 3.032900342795672, 3.0414385717711703, 3.0497500926193086, 3.057603817353358, 3.0652563890073568, 3.072562291964709, 3.0795505253861437, 3.086235133040018, 3.0926553423858403, 3.0986380783984764, 3.1041584528681883, 3.109333989657241, 3.1141954612768283, 3.1186777094649285, 3.1230948429830554, 3.127219881180265, 3.130706900667035, 3.13383194345421, 3.1368575149696425, 3.139632021266517, 3.142014748919754, 3.1440164220551203, 3.145610435573286, 3.146808545822093, 3.147667144171119, 3.1481986924358556, 3.1485373133168384, 3.1483038986150986, 3.1476089759895216, 3.146480314195426, 3.1449414806808225, 3.1427944811337083, 3.1402748055523544, 3.1372707392489345, 3.1342780398217656, 3.1309080591678407, 3.1270927826231376, 3.1228374879541017, 3.118190825235752, 3.113360394034791, 3.107904174935387, 3.1021726453204144, 3.095752149241486, 3.089020101073181, 3.0819623639458444, 3.0739852271556685, 3.065790419204154, 3.057044882408292, 3.0479461953078775, 3.038690455984158, 3.028826637260728, 3.018499101057603, 3.0080308473621775, 2.9968158396115414, 2.9852126154656755, 2.973366543326121, 2.9609392156776915, 2.9480085523444677, 2.935089485161808, 2.9216590536200835, 2.9073437921909258, 2.8924355673378566, 2.8774405349544647, 2.8616991583996314, 2.8451938795767684, 2.828758871460521, 2.8120734448510527, 2.795103080410476, 2.777643747904449, 2.7597460169732537, 2.7414944043562315, 2.7230179637230885, 2.7038189278077573, 2.684112717024811, 2.664079343229729, 2.6437337322460546, 2.6233842315128806, 2.60279085516781, 2.582071786517828, 2.5609192682008746, 2.539356150840829, 2.5172433862926704, 2.4954828337960153, 2.4736269047472077, 2.4517366572527006, 2.429311995303826, 2.4059378231682835, 2.3826983279756573, 2.3592293140041534, 2.336061000109523, 2.3123593848539317, 2.2881803630076325, 2.263770247927359, 2.239384041284437, 2.2151369294570706, 2.190393874663375, 2.1657712227896107, 2.1410441611501776, 2.1156619962665797, 2.0902948813204985, 2.064479929120853, 2.0388207485919687, 2.013074955320025, 1.9872887929187237, 1.9626073373247008, 1.9378392442436276, 1.91232152713641, 1.8871406304463119, 1.8621560078886723, 1.8367974767917443, 1.8115333005883076, 1.7862277793713364, 1.7608932857699355, 1.7356722758459617, 1.7102959499681936, 1.684629187399636, 1.6586456717564935, 1.6328083016607098, 1.6067255462925372, 1.5804881498568433, 1.5541086947845553, 1.5276576838051754, 1.5011691788956392, 1.4748215836550185, 1.4485680307271562, 1.4226037345325688, 1.3969976980906713, 1.3717630464364448, 1.3468699442988996, 1.322316670820387, 1.2980557983238215, 1.2741112422096221, 1.25042951117488, 1.2270641886928555, 1.2039989862530254, 1.18121771828995, 1.158691772708685, 1.1362346542186648, 1.1146543984366126, 1.0932166580952059, 1.0720544958303977, 1.0509477009413877, 1.0304227501401857, 1.010601965043565, 0.9902430664049021, 0.9697445714578546],
[3.554563568891387e-15, 0.12053998318154115, 0.18345384968278747, 0.20304002538136487, 0.2289240805147731, 0.25730856383880274, 0.2845385599882929, 0.29974745689681964, 0.317486135862909, 0.33579989749322975, 0.3545638065778974, 0.36802637400997157, 0.38371147164223063, 0.3995144031716789, 0.4166129551267822, 0.4318872815171182, 0.4494939613735148, 0.4670138653407898, 0.4863487243634722, 0.5057965952324852, 0.5274234793395753, 0.5487204143035347, 0.5718367574494463, 0.595942631228734, 0.6218136489892045, 0.6469485314479533, 0.6735921672201038, 0.7014621154079295, 0.730527165473567, 0.7584696438679823, 0.7874945077518979, 0.8176399384050348, 0.8484675399152034, 0.8778530674017418, 0.9079012807677569, 0.938868688286589, 0.9700829725770965, 0.9996339338677019, 1.0295110012982087, 1.0600660818264294, 1.0905423848584441, 1.119229683744323, 1.1479677940965562, 1.177173628744084, 1.2060659149762305, 1.2331066742038266, 1.2600091366314652, 1.2871982323227393, 1.3139117689306437, 1.3387843831766326, 1.363385441364794, 1.3881344027876137, 1.4123219185915985, 1.4347206154763652, 1.456777427950365, 1.478888685407787, 1.500393411912672, 1.5202068604105408, 1.5396659899134915, 1.5591352559829343, 1.5780013112237603, 1.5952546923951896, 1.6121246804652694, 1.6290149981290531, 1.6454250311516194, 1.6604017000083424, 1.6749707243059144, 1.689430248996865, 1.7033567505467313, 1.7159818447991202, 1.7283591714228197, 1.7407469397491953, 1.7526728321891614, 1.7634498361689515, 1.7739905824669735, 1.7844104539685284, 1.7942747828956183, 1.8029906552883863, 1.8114020328181581, 1.8196950707535573, 1.8276274993504376, 1.834708344872185, 1.8416710780885146, 1.8486312361925792, 1.8552748149897968, 1.8610282708233032, 1.8664413693426087, 1.8715085197272971, 1.8760104639652704, 1.8795483400937119, 1.8827119950211662, 1.8856271294611997, 1.8882216117015527, 1.8901909685631761, 1.892081003294635, 1.8939420342565803, 1.8956595492665373, 1.8968660258520407, 1.8979416743398563, 1.8988228415222626, 1.8993286758085328, 1.8990636098056937, 1.8984083264162224, 1.8973209404310465, 1.8957321334872264, 1.893371088158653, 1.8906647775187124, 1.8876563857143591, 1.88438486395753, 1.880674517196931, 1.8769338708315668, 1.8731828822401981, 1.8694502376748507, 1.8655217300373754, 1.8617344771920394, 1.8580315172676425, 1.8543824673692786, 1.8505075197384455, 1.8466482292946622, 1.8426936537383272, 1.8386057550386046, 1.8341211418337449, 1.8294458775270535, 1.8244764680463141, 1.8192401364771338, 1.813553704732514, 1.8076838221008658, 1.80156561589771, 1.795271255476994, 1.7886686192075592, 1.7820727786231303, 1.7754805540582654, 1.769005205822129, 1.7625027754275746, 1.7562072563770907, 1.7500783560473043, 1.7442418515398055, 1.7385856747368964, 1.7333414561003377, 1.728429164444274, 1.7238991263530703, 1.7195702853860415, 1.7155914648241015, 1.7118376958325439, 1.7083402246442134, 1.7049199655354152, 1.7017576355467021, 1.6987418377435126, 1.695900844171228, 1.6930068697977778, 1.6901325908993632, 1.6870852264791758, 1.6839035831375857, 1.6804256445885477, 1.676829226824359, 1.6730607601280003, 1.6692580113882978, 1.6652971205487317, 1.6613365881691815, 1.6572550537771567, 1.6531280756741116, 1.6488361254444444, 1.6445803020716416, 1.6403175481190606, 1.6362314060588705, 1.6322726179009048, 1.628691919690797, 1.6254744475282583, 1.6227797181667643, 1.6204930085235891, 1.618759152458765, 1.6174373781261315, 1.6166073239901027, 1.6161031659258107, 1.6160214243070259, 1.6162278193059372, 1.6168412715797131, 1.617772609869057, 1.61920233564503, 1.6210617071525146, 1.6234800824490372, 1.6263467364951318, 1.6297458333175525, 1.6334903401197751, 1.6375596294876718, 1.6417370082988965, 1.646073812845061, 1.6503979079425888, 1.6546982853319925, 1.658769027039949, 1.662668121116693, 1.6663206879606676, 1.6698605323840676, 1.6731946282285404, 1.6764300545488307, 1.6794836779490143, 1.6824756715796405, 1.6853229936903062, 1.688094264936173, 1.6906434347961647, 1.6929732769230956, 1.694906938261362, 1.6964767129707548, 1.6975430258632032, 1.6981511319206082, 1.6982113296841015, 1.6978115643240859, 1.6968697115230567, 1.6954868850179077, 1.6936685557322855, 1.6916118324743235, 1.6893334516447271, 1.6870192003370441, 1.6846960008360108, 1.6825349660872357, 1.6805030318676597, 1.6787001912022428, 1.6770705060889761, 1.6757323089446818, 1.6746617938970059, 1.6739577046025373, 1.6735161656525845, 1.6733814754517335, 1.6734402991439228, 1.6737503970757874, 1.674246971396548, 1.6750297487944166, 1.6760470045458336, 1.677402033890091, 1.6790832599041174, 1.6812281446878385, 1.6838257010719069, 1.6869768409132095, 1.6906057491118474, 1.6947377822554295, 1.6992476710669222, 1.7041406380253104, 1.7092964394832029, 1.7147047671506035, 1.7202067971927681, 1.7257610312889573, 1.7312179194232267, 1.7365261363359923, 1.7414830500803267, 1.745970542368714, 1.7497687603793677, 1.7527940103035884, 1.7548600178242717, 1.7559070557988956, 1.7558367874083902, 1.7547389980363786, 1.7526304199238056, 1.7496187460510564, 1.74570587735666, 1.7410062757059097, 1.73552697749166, 1.7293553998726319, 1.7224796007487955, 1.714997414138357, 1.7068681692614964, 1.698113285011658, 1.688684674547129, 1.678721305175421, 1.6682990971257758, 1.6575431215583083, 1.6464335092768925, 1.6350708275616563, 1.623474338606505, 1.6117186965650878, 1.5997505554277216, 1.5876394038840587, 1.5753883475290997, 1.5630542321244003, 1.5505679558504366, 1.5379916249059098, 1.5253883018763916, 1.5129493953894904, 1.5007769463253136, 1.4890538988944721, 1.4778832674574172, 1.4674548640041174, 1.45784882678884, 1.4492126486807249, 1.4415934418870473, 1.435112215300876, 1.429787824595302, 1.4257120874516962, 1.4228595680377114, 1.4212450047764857, 1.420776749501921, 1.4214673843539798, 1.4232749328305925, 1.4262153718615345, 1.4302270102689936, 1.4353270195839225, 1.4414543661265304, 1.448552811614021, 1.4564364364499989, 1.4649472596325432, 1.47389580262035, 1.483172981364451, 1.4926421859626315, 1.5022334614337947, 1.5118405324162933, 1.521415925120632, 1.530854211869717, 1.5400760472120436, 1.5489448518611018, 1.557349854928858, 1.5651389963266569, 1.5721851053280163, 1.5783597051753369, 1.5836594286366896, 1.588156484763908, 1.592031049163865, 1.5954726307666467, 1.5986807016231925, 1.601724960748705, 1.6045211135588753, 1.606829626759081, 1.6084333392086936, 1.6092196187935894, 1.6092443204143572, 1.6086551657503294, 1.6076176426210242, 1.6061626435558682, 1.60415473595054, 1.6013997122223154, 1.5978407143401292, 1.593626884180687, 1.5890082338640374, 1.5841596670772806, 1.579092367654088, 1.5736689937623525, 1.5677419627649758, 1.5613554581796842, 1.554790876496164, 1.548336465106105, 1.5419897944497776, 1.5354994940595195, 1.528638963606691, 1.5214680226374664, 1.5142133798282802, 1.5069852196748668, 1.4995779460868928, 1.491630139619659, 1.4829612440147617, 1.4737572624020305, 1.464235079979983, 1.4543193554056348, 1.4437443811737058, 1.4325088271313373, 1.4209200610042554, 1.409293253320811, 1.3975985988037427, 1.3856108492375327, 1.3732618693876224, 1.3608747936557486, 1.3487806832727434, 1.3369289627458127, 1.3249706964677326, 1.312936349185144, 1.3012161218079348, 1.2900059190662732, 1.2789618278174832, 1.2678956269064108, 1.2571201172983375, 1.2470402196484751, 1.2375027667766862, 1.228193290633439, 1.2191385216169919, 1.2107306786838934, 1.2030405193668812, 1.195767513407622, 1.1886640106614714, 1.182003812478378, 1.176088627907305, 1.170830798045324, 1.165949520811534, 1.1617362084425769, 1.158652857017703, 1.156623543389752, 1.1551576803641521, 1.1543626746257833, 1.154639896030401, 1.1558377563468973, 1.1573721083755335, 1.1593700665548208, 1.1622736376681801, 1.1659066914079579, 1.1697174907160757, 1.1739238163066423, 1.1789458731950804, 1.1845356404360974, 1.19017428128673, 1.1961095958854902, 1.2026341466292878, 1.209416269802478, 1.216075305793265, 1.2229576426515394, 1.2302154004257337, 1.2374051786506195, 1.2442291588089236, 1.2510040461402263, 1.2576383710433199, 1.2636206052461296, 1.2688244122351022, 1.273583462820915, 1.277690715617058, 1.2808185298703727, 1.2831995588169633, 1.2852413849436475, 1.2866847656474847, 1.2874432347603701, 1.287957383640537, 1.2884739195970556, 1.2887156525398764, 1.2889362395764916, 1.289616317238216, 1.2907009201495767, 1.29191638334635, 1.29368455206271, 1.2962250895691176, 1.2992566391080318, 1.3027319075791142, 1.307053805973881, 1.3120114467393755, 1.3173636352081541, 1.323354649920892, 1.3300740048268596, 1.3369590945073513, 1.344013246875852, 1.3515068630311622, 1.359217700693134, 1.3668524508014526, 1.3748394701360662, 1.3832373659364559, 1.3917790303592805, 1.400588492190273, 1.4099041033071793, 1.4193048183061445, 1.4287698586578172, 1.438618646341088, 1.4486807726416069, 1.4586092143923173, 1.4686997104841386, 1.4788238835383356, 1.4885483610386507, 1.4979346300316128, 1.507184881487058, 1.5159126617027865, 1.5241889360826018, 1.532244337113268, 1.5398480921595001, 1.546871284490864, 1.553757252862299, 1.5603827172867808, 1.566604054023411, 1.5727057008840373, 1.5787480186287746, 1.5844424275358684, 1.5901747224958818, 1.5960990305081564, 1.6020180196719724, 1.6081218800482064, 1.614666659308511, 1.6212500675473145, 1.6279868408673608, 1.6350696798435027, 1.6421431313022676, 1.6490582729340983, 1.656133588477012, 1.6629814472174986, 1.6694560142855557, 1.6758096183616669, 1.6819033955668556, 1.6875653701147935, 1.6932051683410676, 1.6985505147482627, 1.7033548052519547, 1.7078772878421995, 1.7119953322777592, 1.7153441837327403, 1.718346111731872, 1.7209138721117898, 1.7228061743138063, 1.7243404172021606, 1.7255321888564985, 1.7259518953843715, 1.7259589633975847, 1.725500688817651, 1.7242569893735629, 1.7225116999693453, 1.7204167524958096, 1.7176308273609402, 1.7145976576470823, 1.7114089563894512, 1.707827520772862, 1.704158197340127, 1.7006305773800288, 1.6969806020734381, 1.6935528725691058, 1.6902731954623678, 1.6868628157371979, 1.6834624386802322, 1.6800150924996664, 1.6761658891548559, 1.6721727714342598, 1.6678803326103675, 1.6632073876213345, 1.6583013247353553, 1.6529814130078613, 1.6471340405669188, 1.6410626004122866, 1.6343419735722575, 1.6269778503770078, 1.619182484864149, 1.6107602139677162, 1.6018101664424413, 1.5926371909404717, 1.5828643144759071, 1.5728774672373331, 1.5628098176242666, 1.5523168736565705, 1.5416415168410047, 1.5309380949753633, 1.519769241325298, 1.5086048794733768, 1.49739317014754, 1.4859561888281532, 1.474597587283831, 1.463202057159018, 1.4515655902373161, 1.4401990366033044, 1.4288213867076225, 1.4176137253225671, 1.4068615820685246, 1.3963764050179464, 1.3863131381345353, 1.3768600621384408, 1.367566843666908, 1.358891174087601, 1.3507104850151503, 1.3428551376584028, 1.3355770492215602, 1.3286333224926756, 1.3218628506260932, 1.3157206434104005, 1.3096587998524023, 1.303906384592351, 1.2985379410245672, 1.2931257710896675, 1.2879173878162047, 1.2829398648330523, 1.277609761308494, 1.2724140962713582, 1.2669767957642148, 1.2612750677899442, 1.2556332517806643, 1.2497177156127826, 1.243571972561594, 1.2375272570189118, 1.2310771035050796, 1.2247358407951918, 1.2182580320702965, 1.21151396768056, 1.2049218861104525, 1.1981102071821907, 1.1909264606142653, 1.1838446982184365, 1.1762182204171325, 1.1686009794114782, 1.161007300602023, 1.1531101797514125, 1.1453908779160233, 1.137733956078125, 1.1299260558075153, 1.1226821762167898, 1.1154709505471676, 1.1087810166395753, 1.1027899263271248, 1.0972963630844703, 1.0928311160575153, 1.0894326209986214, 1.0870039381012895, 1.086258452712794, 1.08654648578119, 1.088377315608722, 1.0918474312455955, 1.0965503244962167, 1.1028481005881297, 1.1105815112536306, 1.119487962963942, 1.1301720444609955, 1.1419429554644913, 1.155167046540363, 1.1697853150350654, 1.1854417924118026, 1.2023785933883746, 1.2203350706418796, 1.239008214454955, 1.2586627424917922, 1.2786409393523626, 1.29919863296992, 1.319943372892263, 1.3406273874392305, 1.3613283310956057, 1.3816493008518504, 1.4015264798614133, 1.4209817083758203, 1.439371177605321, 1.4570151879760542, 1.4734517663955728, 1.4886492367215884, 1.502612389104657, 1.5149973521429556, 1.525972497568501, 1.5355306333283845, 1.543516633835561, 1.5505098437581537, 1.5561747836933164, 1.5609762437385675, 1.5649882022779658, 1.5680436662167767, 1.5703968124179142, 1.5717106069807893, 1.5718260141694331, 1.5711065163522164, 1.5692033234251952, 1.5666808878510896, 1.5634016247476628, 1.5594910649749891, 1.5552623546843656, 1.550437268279661, 1.545100099138931, 1.539321989174922, 1.5330154812687768, 1.5269186177633498, 1.5207870954037979, 1.5149511174034518, 1.5093611917652228, 1.503901330385537, 1.4987735404618108, 1.4937854141233617, 1.489065497733656, 1.484949805538305, 1.481265113307521, 1.4785371741454254, 1.4762630551903528, 1.4745658670783317, 1.4733640109005617, 1.472502266193794, 1.4723846347060847, 1.4728254460657744, 1.4737364667338044, 1.475235993139569, 1.4766036416058215, 1.478274683182405, 1.4799120587106531, 1.481664172931763, 1.4836172780350292, 1.4853294206376266, 1.486800701874213, 1.4877672808562834, 1.4881655857460707, 1.4885543516045172, 1.4885884759476744, 1.4886052955218336, 1.4881213207295136, 1.4871440661420676, 1.4857183641229197, 1.483778821431562, 1.4817041178689212, 1.4792231476897344, 1.4761057042286432, 1.4725343032711218, 1.4680933248936257, 1.4635292622319607, 1.4584963681518353, 1.453112090895153, 1.4473665150031434, 1.4409957793336128, 1.434576296712437, 1.4281273580672607, 1.4215778559218917, 1.4149767357316427, 1.407647402852752, 1.4002814964029202, 1.3925674988017922, 1.3846895142918192, 1.3765110651737522, 1.3675967948181948, 1.3582041543747458, 1.34837623632247, 1.3384224366065947, 1.3285025002335384, 1.3181375282076575, 1.3080166193420806, 1.2980379067626702, 1.2889845003304394, 1.2805620848204118, 1.2724911714867089, 1.2650612907742729, 1.2580673614801845, 1.25182900125579, 1.2461347459437067, 1.2403021058315125, 1.234779851402354, 1.229187351442262, 1.2239733345377883, 1.2183964523245323, 1.2121436359419735, 1.2052208484647082, 1.197787291082014, 1.1900491980260348, 1.1815368899252219, 1.1722090018217566, 1.1623795367164134, 1.1520595147067487, 1.1418571112265932, 1.1310172858134588, 1.1202131589890125, 1.1094333285110254, 1.099112798724134, 1.0895081613755468, 1.0800458232483163, 1.0711179564010453, 1.0630886551637289, 1.0560962725551104, 1.050147654625877, 1.0445693701212408, 1.0403170179403636, 1.0370007544191793, 1.034975635750583, 1.0336356997520264, 1.0329666910095354, 1.0334075903203555, 1.0345793333276578, 1.0365819209775413, 1.0389948309513486, 1.0418492587953154, 1.045843799782704, 1.0501686165903907, 1.0552446898299763, 1.0604363019371403, 1.066427811901386, 1.0730047557118858, 1.0795333905066633, 1.0860990627479359, 1.0927550704597968, 1.0996738531904242, 1.1063428885350408, 1.1125146800325212, 1.1187480472747582, 1.1245772001786711, 1.1302360180108073, 1.134966441103457, 1.1395928638164874, 1.144034062597076, 1.1480576042668043, 1.1517106327644735, 1.1549954307279422, 1.1584266664013974, 1.1618909594991342, 1.1652642179671144, 1.1689362762426276, 1.1728734958262637, 1.177579279304479, 1.1823442103629964, 1.1877998730115957, 1.1938118903344186, 1.2007404616250756, 1.2082185686167513, 1.2160873003820873, 1.2250320262977097, 1.234578926607054, 1.2444156705427583, 1.2545856241699949, 1.2652081616315864, 1.276688457106672, 1.2880883446868217, 1.3000360483484716, 1.3123122400565874, 1.3251104088272476, 1.3379399555533007, 1.350846489234246, 1.3641516528606685, 1.377360712079408, 1.3904226694028854, 1.4033265794929628, 1.4160515201005766, 1.4283865941692542, 1.4398031979260415, 1.4510201852125113, 1.461565955069801, 1.4715680219221499, 1.4806785620733416, 1.4894507065318696, 1.49782013985811, 1.5055023767671147, 1.5127101501536513, 1.5194788745852568, 1.52595637749562, 1.5318120629290388, 1.5372093099900905, 1.5426036854296183, 1.5474040868976646, 1.5520529520033817, 1.5562695378718183, 1.5605882491963898, 1.5644179579673216, 1.5677462620486884, 1.570839879841321, 1.573527217043428, 1.5756957074224769, 1.5772329322332665, 1.5785462903753114, 1.579540605824495, 1.5799966408706108, 1.580397034160787, 1.5805584864295195, 1.5807236780308485, 1.5803701282771303, 1.5802513812345254, 1.5801587611219112, 1.5801452950485966, 1.5802901995000183, 1.5808755595371542, 1.582073679459728, 1.5834645934578764, 1.5853807899499415, 1.5877124411756696, 1.590242060811836, 1.5931752675918327, 1.5961854701089844, 1.5995184752115499, 1.6024132488386453, 1.6054602938844695, 1.608289604789023, 1.6108986342836553, 1.6133865989340763, 1.615937640110513, 1.6185264522150509, 1.620697525500545, 1.6228390378377002, 1.625089003030624, 1.6273043076930527, 1.6296394059453965, 1.632164393352385, 1.6349661129737112, 1.6371024142705317, 1.6391175723208662, 1.6408376330263093, 1.6424797796289647, 1.6438563857738229, 1.645311345489269, 1.646784871527687, 1.6478714431796693, 1.648783316064028, 1.6495180278127444, 1.650269224570974, 1.6511325744000438, 1.6520746432536388, 1.6530786321523516, 1.6537420202273414, 1.6546480803761134, 1.6553345697268624, 1.6561437105182186, 1.6571539312776935, 1.6586906540911694, 1.6599469790363195, 1.6606692535162975, 1.6612015151840986, 1.6615217519449965, 1.6615756573370117, 1.6614221980096302, 1.6612226640229375, 1.6604606272790858, 1.658877893280425, 1.6569538683914193, 1.6546573202248753, 1.652539915122028, 1.6503134158141688, 1.6482371734581374, 1.6456810512693105, 1.6429211329823556, 1.639670856804095, 1.6360265837394161, 1.6325348495121546, 1.629159834869861, 1.6253281009241822, 1.6206015141873853, 1.615455506849593, 1.6098425637704454, 1.6035814338690941, 1.5971972488599786, 1.5905225584321612, 1.5832195395251625, 1.5745577641853028, 1.565373764501742, 1.5555617608040933, 1.5458440817705437, 1.5359453093771134, 1.525702028928424, 1.5151790071238096, 1.5044101946772162, 1.493544815143991, 1.4827336139596168, 1.4729207928236825, 1.4639433113186675, 1.4549341622720613, 1.4460926971489938, 1.4377449784723697, 1.4300029336741789, 1.4222754703692706, 1.415235566292129, 1.4081572604979824, 1.4010737164750109, 1.3936911945781023, 1.3864186740596371, 1.3793519521077982, 1.3729208007328773, 1.3669133821182353, 1.3609439535155112, 1.355645801965294, 1.3509563627867953, 1.3466885407194562, 1.3430434096368298, 1.3400932405144395, 1.3376422683985323, 1.3353508675550174, 1.3337290353697002, 1.3322398397223731, 1.3313366902322343, 1.330653844341975, 1.330341193412652, 1.329788611497653, 1.3295051863766694, 1.3290053127920929, 1.328232994610563, 1.3275354182707106, 1.3266914021509255, 1.3261407982310647, 1.3262160577042559, 1.3270344383574366, 1.3282951928565778, 1.3302530147043803, 1.3329939325545457, 1.3359997229011735, 1.3401738872905993, 1.3453380580758711, 1.3516338285407021, 1.3585673738281425, 1.3670318869673708, 1.3767660827539994])
[Finished in 801.501s]
