[Command: python -u /Users/kawaisk/Documents/GitHub/Zakharov/Zakharov_DVDMandGlassey.py]
L= 20 Emax= 0.18
N= 20 dt= 0.050048724242734384 dx= 0.05
636

Glassey実行時間: 9.776654166002118
初期値に対するノルムの最大誤差: 1.3489209749195652e-13
初期値に対するノルムの最大誤差比: 2.1051430211727547e-13
初期値に対するエネルギーの最大誤差: 0.0007603981457532383
初期値に対するエネルギーの最大誤差比: 0.0010210269174900479
各要素の最大誤差: 0.022598381315543585 0.016157710993084027
各要素の最大誤差比: 0.028230920592738972 0.014196080482911171

t: 8.0 , 0.010910816087669941 0.007211263701163387 , 0.013632868005557715 0.006333575088926453
t: 16.0 , 0.015292565152241777 0.011082265822508852 , 0.01911175307202319 0.009729726842540655
t: 24.0 , 0.01983093961253091 0.0018448870372651702 , 0.024778321293920737 0.0016203539925094884
t: 32.0 , 0.022598381315543585 0.015597375636470418 , 0.028230920592738972 0.013703759446619944

(0.07074513975055297,
[2.9165444710558217e-16, 1.2210304468066566e-05, 1.4856961723292144e-05, 1.958639878346412e-05, 2.4440157293525626e-05, 3.1151247005996305e-05, 3.920782178118959e-05, 4.904903861656705e-05, 6.051528950627109e-05, 7.368003760614671e-05, 8.849974752309173e-05, 0.00010496461709965806, 0.00012306154679354685, 0.00014277456843289326, 0.00016408846519517278, 0.00018700021370804344, 0.00021148264793221703, 0.00023754829823681588, 0.0002651563942947655, 0.00029433347257249814, 0.0003250262805279487, 0.0003572725435216093, 0.00039100887594425456, 0.0004262811394602916, 0.00046301826707686767, 0.000501271629017947, 0.0005409646537472678, 0.0005821519287869137, 0.0006247534293094118, 0.0006688249180697548, 0.0007142846833289396, 0.0007611879939259339, 0.0008094529310296208, 0.0008591329047999298, 0.0009101470366945407, 0.0009625456611528705, 0.0010162500300614436, 0.0010713064896260705, 0.0011276392728987634, 0.0011852899794915985, 0.0012441865127292386, 0.0013043650983466592, 0.0013657578768767678, 0.0014283952690142359, 0.0014922140200698875, 0.001557238376338608, 0.0016234099979978193, 0.0016907470869236755, 0.0017591969294648631, 0.0018287713941195199, 0.0018994214224260751, 0.001971149889820189, 0.0020439128644459082, 0.0021177137275391186, 0.0021925234928401537, 0.002268337740174026, 0.0023451092468550947, 0.002422803005988722, 0.002501389791915934, 0.0025808835278066885, 0.0026612915035183677, 0.0027425777056987446, 0.0028246817200534876, 0.002907564501775622, 0.002991236267218303, 0.0030756731083559754, 0.0031608368305253913, 0.003246686677598485, 0.003333244176239561, 0.0034204787734551374, 0.003508356607505374, 0.0035968346411599113, 0.0036859326993481014, 0.003775597432523206, 0.003865798223059802, 0.003956501408496077, 0.004047719474263782, 0.004139381783201632, 0.004231478128025781, 0.004323984792758044, 0.00441689403301173, 0.0045101373042673795, 0.004603730658826475, 0.004697636054046129, 0.004791828292408029, 0.004886265930328813, 0.004980963963266733, 0.005075856999632664, 0.005170935407689348, 0.005266174546692409, 0.0053615554472854505, 0.005457021929013575, 0.005552585957089725, 0.005648198310486677, 0.0057438331313886155, 0.0058394683565245985, 0.005935089361458871, 0.00603064085487852, 0.00612612548823544, 0.006221507596003129, 0.00631675365188653, 0.006411846134898996, 0.006506767510316797, 0.006601470825504733, 0.00669595202163149, 0.006790183933571956, 0.006884128022810722, 0.006977772787999496, 0.007071090864456023, 0.0071640478887434154, 0.007256640123784707, 0.007348846259829178, 0.007440622220488188, 0.007531954616424594, 0.007622800667067042, 0.00771314822568978, 0.007803001896479339, 0.007892341008580196, 0.007981115462794171, 0.008069309005924017, 0.00815687708333912, 0.008243827873150334, 0.008330142793853709, 0.00841578776029937, 0.00850073753948592, 0.008585001602984331, 0.008668539817226067, 0.008751345600318806, 0.008833372198553683, 0.008914612517827318, 0.00899505690755931, 0.009074680904242769, 0.00915344480672332, 0.00923136689597819, 0.009308414067981005, 0.00938458003307673, 0.00945983560341, 0.009534174678054199, 0.009607587369651487, 0.009680053032244266, 0.009751536033245146, 0.009822055623318997, 0.009891577064284144, 0.00996008559453847, 0.010027572405280669, 0.010094030762156207, 0.01015944624545191, 0.010223805924387163, 0.010287096704044277, 0.010349330375703267, 0.01041047376342309, 0.010470523060375287, 0.010529486046102566, 0.010587338394008832, 0.010644073024202503, 0.010699690488436237, 0.010754180478668733, 0.010807536097815366, 0.010859746375679847, 0.010910816087669941, 0.010960742962329998, 0.011009505309948164, 0.011057125801159444, 0.01110358994740017, 0.01114888782440109, 0.01119303124800157, 0.011236024647184897, 0.011277862490583717, 0.01131855578259752, 0.011358091408869024, 0.011396475822411947, 0.011433696564234026, 0.011469789853294056, 0.011504760486496136, 0.011538600112083668, 0.011571309984430709, 0.011602893021207998, 0.011633344332977885, 0.011662705966002078, 0.011690968748948285, 0.011718142722168323, 0.011744233591859256, 0.011769268408015215, 0.011793250247994174, 0.011816182321058303, 0.011838075911022424, 0.011858951448798083, 0.011878817359968314, 0.011897709547010055, 0.011915616744924397, 0.011932570294165095, 0.011948600301111318, 0.01196371154501608, 0.011977916253722916, 0.011991240991721856, 0.012003704558830822, 0.012015327896550734, 0.012026122692002462, 0.012036121050319173, 0.012045342393253219, 0.012053818655524887, 0.0120615665895956, 0.01206860442373897, 0.01207498070201601, 0.012080704432183323, 0.012085794798739455, 0.012090294162658484, 0.012094223246738452, 0.012097606159600755, 0.012100473844011556, 0.012102855669448666, 0.012104789350167068, 0.012106295187435008, 0.012107412811019009, 0.012108169741660886, 0.012108609906361117, 0.012108752537498569, 0.012108635325291514, 0.012108304534572324, 0.012107779629378961, 0.012107088171175463, 0.012106284349193861, 0.012105385807475255, 0.01210444150467651, 0.012103481629186631, 0.012102545429329379, 0.012101656740466654, 0.012100852611437372, 0.012100177651311456, 0.012099681351109738, 0.012099393288654416, 0.01209934402774656, 0.012099563946046023, 0.012100094871849095, 0.012100963450574227, 0.012102231809883117, 0.012103919746203812, 0.012106054738620193, 0.012108684532387804, 0.01211184134735341, 0.012115553398243209, 0.012119852046451505, 0.012124766913464476, 0.012130340919586589, 0.012136602964071153, 0.012143588896294735, 0.012151324074246182, 0.012159840247082176, 0.01216916944874258, 0.012179340347291803, 0.01219037269780686, 0.012202287491008424, 0.012215128332808887, 0.01222890887732585, 0.01224364767990317, 0.012259378456775652, 0.012276116676222701, 0.012293884063968825, 0.012312698674278044, 0.012332570673105721, 0.012353523593148497, 0.01237556693938578, 0.012398715987841593, 0.012422975975365918, 0.012448365859399462, 0.01247489453700802, 0.012502567760340966, 0.012531389825783496, 0.012561374303264625, 0.01259252261732873, 0.012624830255708768, 0.01265830260141473, 0.012692943513169528, 0.012728740298967438, 0.012765700020656124, 0.012803809782558045, 0.01284306773577235, 0.012883465815723376, 0.012924992925674596, 0.012967643497680837, 0.013011410000361007, 0.013056275058825482, 0.01310222261844721, 0.01314923762995496, 0.013197308474035762, 0.013246415389268847, 0.013296545339683438, 0.01334767718048119, 0.01339978672574749, 0.013452848797074889, 0.013506849222391976, 0.013561766281463246, 0.01361757406730366, 0.013674251592612343, 0.013731771029813074, 0.013790109194501602, 0.013849240888101978, 0.013909135653195464, 0.013969768850339721, 0.01403111142746841, 0.014093136367094349, 0.014155817444276127, 0.014219123614963696, 0.014283024508077323, 0.014347491242838776, 0.014412495813034762, 0.014478005332200557, 0.014543989889261897, 0.014610420226776706, 0.014677266677249626, 0.014744498004114112, 0.014812084356419624, 0.014879995135341918, 0.014948199593817647, 0.015016667764392755, 0.015085368669453047, 0.01515427170241341, 0.015223347226941067, 0.015292565152241777, 0.015361895695959544, 0.015431309429312257, 0.015500777054221813, 0.01557026937914049, 0.015639757847789162, 0.01570921424384953, 0.015778609727701544, 0.015847916822342246, 0.015917108453461733, 0.015986157465540468, 0.016055036437554453, 0.01612372002460042, 0.016192181399956897, 0.016260396072670342, 0.016328338550184816, 0.01639598467547222, 0.016463308970364268, 0.01653028953935943, 0.016596901880713954, 0.01666312295046364, 0.016728934559420212, 0.016794312836220626, 0.01685923573014032, 0.01692368176486194, 0.01698763096831253, 0.01705106736506098, 0.017113968954924393, 0.017176319404114345, 0.0172381004677816, 0.017299290553997277, 0.017359875416464724, 0.017419840903053093, 0.017479170288709097, 0.017537846626640527, 0.01759585850267564, 0.01765319052853386, 0.017709832406141834, 0.01776576762918434, 0.017820982538937925, 0.017875466688113097, 0.017929211824253714, 0.017982204754105724, 0.018034435478560505, 0.01808589793399612, 0.0181365804360686, 0.018186475483032764, 0.018235579770209818, 0.018283877322336266, 0.018331367837039533, 0.018378043227053074, 0.018423903096766545, 0.018468937105524764, 0.018513140882143526, 0.01855651739320906, 0.01859906012344977, 0.018640761627462525, 0.018681624168629344, 0.018721643784455434, 0.01876082021339068, 0.018799152584843278, 0.01883663944975589, 0.01887328255668463, 0.01890908768902344, 0.01894405000922983, 0.018978176769965598, 0.019011468129599488, 0.019043928082066536, 0.019075559008317734, 0.01910636448410016, 0.019136346601258507, 0.01916551420627631, 0.019193878123684515, 0.019221430748031773, 0.019248185002338245, 0.019274150320506545, 0.019299328555747022, 0.019323732282267515, 0.019347369403796427, 0.019370249694554535, 0.019392371486022256, 0.019413742657249818, 0.019434383059269682, 0.019454299579190242, 0.019473506724680206, 0.019492009968128096, 0.019509816947188077, 0.019526940563949078, 0.019543396659109237, 0.019559189747202357, 0.019574340042621024, 0.019588852224675945, 0.01960274128299971, 0.01961602135983215, 0.019628702160473938, 0.01964079577706359, 0.01965231168633914, 0.01966326373281674, 0.019673675236380427, 0.019683557973527742, 0.019692919248182342, 0.019701774699070126, 0.019710153447844336, 0.019718049925901215, 0.01972548686538401, 0.019732476892061247, 0.019739033643565357, 0.019745175102063958, 0.019750915180983337, 0.019756269043981676, 0.019761248811701493, 0.01976587233856247, 0.01977015676390308, 0.01977410859013043, 0.019777745938569572, 0.019781084048029123, 0.01978413856089183, 0.01978692637971553, 0.019789456379476048, 0.019791743313868806, 0.019793813220277637, 0.01979566757758504, 0.019797321762478892, 0.019798791521383582, 0.019800090237285836, 0.01980123273609902, 0.019802222792781477, 0.019803088198794228, 0.019803841817836954, 0.01980449377520253, 0.01980505249662122, 0.019805537897076713, 0.019805955213910754, 0.019806321916344374, 0.019806658917561042, 0.019806961400657425, 0.019807244197456983, 0.01980752016039282, 0.019807790052617628, 0.019808079210249765, 0.019808399249372093, 0.019808761616970934, 0.01980916221692407, 0.01980961441814261, 0.019810130541759067, 0.019810723504715032, 0.019811394599151124, 0.019812155221462822, 0.019813012809375058, 0.019813983678556527, 0.019815063207194585, 0.0198162632886983, 0.019817593127577856, 0.019819048352691198, 0.019820646497498293, 0.019822395504684946, 0.01982429516618593, 0.019826349831878917, 0.019828559553272698, 0.01983093961253091, 0.019833482134686733, 0.01983619264864983, 0.01983907354063325, 0.019842133132619334, 0.01984537554567425, 0.019848805481539663, 0.019852417198711964, 0.019856214639148884, 0.019860213023000797, 0.019864393033742947, 0.019868760755562376, 0.01987332395711048, 0.019878075637277767, 0.01988301983705259, 0.01988815782756922, 0.01989348544292556, 0.019899005056240246, 0.019904715505144076, 0.019910618652688502, 0.01991670925600125, 0.019922984205717715, 0.01992944813651028, 0.019936100175427584, 0.019942935742487615, 0.019949954934020703, 0.019957162069741463, 0.01996455581177982, 0.019972113850299456, 0.019979851404445227, 0.019987760923349772, 0.019995846227944435, 0.02000410180116173, 0.020012520670598652, 0.02002110165360851, 0.02002984175486516, 0.020038741957527646, 0.02004780386089774, 0.0200570265597336, 0.020066403552599425, 0.020075922478412014, 0.020085584981641907, 0.02009539312902635, 0.02010534415411064, 0.020115428553106926, 0.02012565542799604, 0.0201360128133064, 0.020146507046207192, 0.020157138737779735, 0.02016789249320991, 0.020178771928220488, 0.020189784874017472, 0.020200922576189082, 0.020212186038216392, 0.020223574153852817, 0.020235084477116617, 0.02024671667170338, 0.020258465783842102, 0.02027033944163065, 0.02028232972542231, 0.02029443689733976, 0.0203066664634509, 0.020319020553475058, 0.020331494203678236, 0.02034408197111161, 0.02035679509250505, 0.020369628150229434, 0.020382581604157377, 0.020395658169828104, 0.020408856523042404, 0.020422189390039872, 0.020435651322542395, 0.020449245716198914, 0.020462974435427512, 0.02047684358408531, 0.02049085139538603, 0.020505002717090062, 0.020519297000641912, 0.0205337393779537, 0.02054833289784533, 0.020563082460195437, 0.0205779906080315, 0.020593063038389616, 0.020608305152265447, 0.02062371581041661, 0.020639299011497175, 0.02065506472254432, 0.020671013182155678, 0.02068715710074046, 0.020703500048087273, 0.02072003658254022, 0.02073677730715324, 0.020753733419461764, 0.020770903937266185, 0.020788299175930895, 0.02080592056911864, 0.02082377549616026, 0.020841863080310465, 0.02086019163876334, 0.020878772903933404, 0.02089760903594195, 0.020916706060076843, 0.02093606902619551, 0.02095570784572203, 0.020975624890836646, 0.02099582553451649, 0.021016313237502124, 0.021037093392363145, 0.02105817610622707, 0.021079563524491023, 0.021101261148757714, 0.021123274202654654, 0.02114560664783368, 0.021168265454463923, 0.021191254192193584, 0.02121457644741122, 0.021238237997691957, 0.021262243622873038, 0.02128659641999905, 0.02131130145226867, 0.02133635991724712, 0.02136177604930707, 0.02138755212419373, 0.02141369266006159, 0.021440199261461516, 0.021467075321294386, 0.021494322514476423, 0.021521944370111058, 0.02154994284943859, 0.02157831785063869, 0.02160706887120197, 0.021636200532433345, 0.021665712014379043, 0.021695600932907677, 0.021725870204780343, 0.021756518586294737, 0.021787545190272425, 0.021818949672526664, 0.021850729846731965, 0.021882884575074663, 0.02191541035240172, 0.0219483049071979, 0.02198156477695518, 0.02201518720824059, 0.022049168854347132, 0.022083505516700536, 0.022118192432594753, 0.022153224789341355, 0.02218859770193857, 0.02222430591549704, 0.02226034364903967, 0.02229670473814123, 0.022333382686211187, 0.022370370554608075, 0.022407661254133276, 0.0224452473078422, 0.022483120559974697, 0.022521273190434773, 0.022559696237501932, 0.022598381315543585],
[4.116817157781928e-17, 0.00017812387727700712, 0.0003562081620144929, 0.0005341410621818566, 0.0007119390693094662, 0.0008895500244367562, 0.001066924388819406, 0.001244024158487448, 0.001420802428985058, 0.0015972157158292768, 0.001773222785234129, 0.001948779803455393, 0.0021238443464793753, 0.0022983722783236483, 0.002472322908270966, 0.0026456532098732273, 0.002818319143320075, 0.0029902805874226627, 0.0031614948757296797, 0.0033319204981178212, 0.003501516527766731, 0.0036702397317854565, 0.0038380503900153624, 0.004004907465323807, 0.004170770899943102, 0.00433560004964462, 0.004499354256965479, 0.004661993434224874, 0.004823479402968278, 0.004983772457766135, 0.005142834458662457, 0.005300624867478511, 0.005457106882965759, 0.00561224204785539, 0.005765993981593678, 0.0059183247992104435, 0.006069197594434721, 0.006218574906905937, 0.006366422532137802, 0.006512703981752013, 0.006657385131600432, 0.006800429209446448, 0.006941802834576743, 0.007081471686617356, 0.007219403416184593, 0.007355564250819841, 0.007489921726896618, 0.007622442400151629, 0.007753096136656487, 0.007881851405903029, 0.008008678384755278, 0.00813354546390303, 0.008256423259388848, 0.008377282409300841, 0.008496095097365975, 0.008612833252155356, 0.008727469117569978, 0.008839974755596482, 0.00895032467818116, 0.009058493033305751, 0.009164454404041284, 0.009268183479632673, 0.009369655617008756, 0.009468847679339223, 0.009565736968956948, 0.009660301573926586, 0.009752518949758798, 0.009842367638083152, 0.009929826884551352, 0.01001487751023855, 0.010097499908046058, 0.010177675473767916, 0.010255384509439363, 0.010330610533341132, 0.010403336498615625, 0.010473547145281759, 0.010541225776877538, 0.01060635769071703, 0.010668927921809497, 0.010728924326530071, 0.010786333364226457, 0.010841143621170467, 0.01089334167628311, 0.010942917671232096, 0.010989860944813528, 0.011034163171430808, 0.01107581419678864, 0.011114806039718594, 0.01115112997751436, 0.011184780507949715, 0.011215750800506574, 0.011244036144637076, 0.011269629792156365, 0.011292528294930429, 0.011312727856086054, 0.011330226682412195, 0.011345021903703126, 0.011357112172266471, 0.01136649556904032, 0.011373173201906365, 0.011377145785854097, 0.011378415065405998, 0.011376981951125496, 0.011372849294008265, 0.011366020489098115, 0.011356500376447556, 0.011344293889557086, 0.011329405877858184, 0.0113118418895865, 0.01129160928091982, 0.01126871593274137, 0.011243169864538624, 0.011214979690351694, 0.011184153875206364, 0.011150703334004707, 0.011114638844547674, 0.011075972175535903, 0.011034714167722826, 0.010990877511971068, 0.010944474997289011, 0.010895521955286928, 0.010844032122379528, 0.010790020877404192, 0.01073350245454209, 0.010674494312659287, 0.010613012842101203, 0.010549077077498924, 0.010482703770559173, 0.010413912216386392, 0.010342720814618893, 0.010269151239497195, 0.010193223548408408, 0.010114959948456426, 0.010034379955918674, 0.009951507319912683, 0.009866364515126038, 0.009778976760083722, 0.009689366981621659, 0.00959755996880639, 0.009503579802866757, 0.009407454289260726, 0.009309208979277731, 0.009208871757012883, 0.009106468208165592, 0.009002026756072284, 0.008895575607819157, 0.00878714485978666, 0.0086767632490312, 0.00856446031426892, 0.008450264879523169, 0.008334209152007869, 0.008216324487820028, 0.008096642482851512, 0.007975194257751379, 0.007852011765921518, 0.0077271283394317065, 0.0076005780358458066, 0.007472394881630272, 0.007342612104187691, 0.007211263701163387, 0.007078384910819099, 0.006944013143776505, 0.0068081837936427685, 0.006670933711820815, 0.006532298560352049, 0.006392317436966924, 0.006251028819982333, 0.006108473591225151, 0.005964689564410113, 0.005819718164384737, 0.0056735999976458085, 0.005526380811033133, 0.0053781026270489285, 0.0052288111879722965, 0.005078549794803326, 0.004927368411503463, 0.00477531586213959, 0.0046224464723107934, 0.004468809818804478, 0.004314462892106983, 0.0041594620797570665, 0.004003873414932113, 0.0038477614949404258, 0.003691199387273304, 0.0035342602438397873, 0.0033770311330867477, 0.0032196045351400634, 0.0030620896210209465, 0.002904602162239782, 0.002747281755915554, 0.0025902864459326916, 0.0024338138243286374, 0.0022781000102905583, 0.0021234399148659148, 0.001970198492996108, 0.0018188549882716452, 0.0016700406263032686, 0.0015246113574465525, 0.0013837330074925923, 0.0012490361437596446, 0.001122822551412713, 0.0010083533789176505, 0.0009101177569312846, 0.0008338804841618961, 0.0007860435994942984, 0.0007718437114219663, 0.0007930038142126669, 0.000846762596934062, 0.0009273353316641056, 0.001028280180775523, 0.001144060111939922, 0.0012704639200605801, 0.0014044736659179075, 0.0015439473228068333, 0.0016873735700929093, 0.0018336613066229012, 0.0019820271342409876, 0.002131882032728471, 0.0022827810904288747, 0.0024343732667903937, 0.0025863843694543098, 0.002738589366535742, 0.0028908116644679777, 0.0030428972012969666, 0.003194720327332718, 0.003346167417804892, 0.003497146447723225, 0.003647572219794554, 0.0037973702489151073, 0.003946468596219621, 0.004094804762111327, 0.004242319668417252, 0.004388963049216691, 0.004534684807779071, 0.0046794397747441496, 0.004823180646666523, 0.004965867006437404, 0.005107458912196979, 0.005247919034826083, 0.005387210729998358, 0.005525299543470049, 0.005662151453798301, 0.005797735579660633, 0.005932020063159003, 0.006064974744289626, 0.006196569234351902, 0.006326775973976913, 0.006455568333378008, 0.006582920555375716, 0.006708806984464688, 0.006833202299410298, 0.006956082677105327, 0.00707742535282585, 0.007197208950356358, 0.00731541183708367, 0.007432012582098488, 0.007546990492654686, 0.007660326743291842, 0.007772002739364227, 0.007882001198549992, 0.007990303890344363, 0.008096893935461714, 0.008201754810703149, 0.008304871971868213, 0.008406230199100289, 0.00850581532551163, 0.00860361268506136, 0.008699609498829032, 0.008793792678517917, 0.00888615080659275, 0.008976672154999773, 0.009065345873320998, 0.009152161204887497, 0.009237109180206746, 0.009320180356774125, 0.009401366910032022, 0.009480660111306521, 0.009558053075547314, 0.009633539016887249, 0.00970711213658565, 0.009778766796638139, 0.009848498134213315, 0.00991630149118438, 0.009982173356904463, 0.010046110510663498, 0.010108110614064737, 0.01016817119683487, 0.010226290940118002, 0.010282469013396855, 0.010336705448407311, 0.010389000467129839, 0.010439354728186188, 0.01048776936149546, 0.010534246353331776, 0.01057878829785851, 0.010621398218374201, 0.010662079377384406, 0.010700835701171182, 0.01073767183736587, 0.010772592889352162, 0.010805604457708097, 0.010836712240992596, 0.010865922683618951, 0.010893242864550075, 0.010918680305924971, 0.010942242780871601, 0.010963938473141891, 0.010983776094018011, 0.011001765055839642, 0.011017914879145826, 0.011032235521543803, 0.011044737177071055, 0.011055430577050935, 0.011064326983396286, 0.011071437807342618, 0.011076774728891996, 0.011080349955042765, 0.011082175999542396, 0.011082265822508852, 0.011080632458270043, 0.011077289347485402, 0.011072250569168773, 0.011065530290810423, 0.011057143019893342, 0.011047103321544972, 0.011035426448575886, 0.011022127851075793, 0.011007223133982294, 0.010990728241614078, 0.010972659436619963, 0.010953033132515867, 0.010931866212672196, 0.010909175439179596, 0.010884978076931659, 0.010859291494289023, 0.01083213331279098, 0.010803521106354368, 0.01077347291283237, 0.010742006918320657, 0.01070914121217718, 0.010674893792380926, 0.010639283208770691, 0.010602328067417639, 0.010564046981916443, 0.010524458289928781, 0.010483580421463043, 0.010441432140676714, 0.01039803214920885, 0.010353399044591666, 0.010307551116129661, 0.010260506658286423, 0.01021228398884363, 0.010162901461749349, 0.010112376962828198, 0.010060728705704984, 0.010007974080857705, 0.009954130958592766, 0.00989921683311348, 0.009843249550703932, 0.009786246136032416, 0.00972822357376307, 0.009669198609130937, 0.009609188571066758, 0.009548210149079193, 0.009486280120022535, 0.009423414233599962, 0.009359629467781128, 0.009294941756335674, 0.009229367744134468, 0.009162923006750794, 0.009095623854435773, 0.009027485573878512, 0.008958524251944022, 0.008888755497980058, 0.008818195394062388, 0.00874685852079381, 0.00867476024739278, 0.0086019155270006, 0.008528339761508307, 0.008454047236063411, 0.008379052128874947, 0.00830336768599355, 0.008227008485710107, 0.008149987493202554, 0.008072318251553055, 0.007994013100559553, 0.00791508437907473, 0.007835544050565578, 0.00775540432012659, 0.007674676771047177, 0.007593371771009226, 0.007511499938987356, 0.0074290717509933836, 0.0073460976740391416, 0.007262587640556751, 0.007178550649918134, 0.007093995515653309, 0.007008931343724444, 0.006923367156395931, 0.006837311946363094, 0.006750772996947353, 0.006663758164876457, 0.006576274191732072, 0.00648832929108564, 0.0063999298965837295, 0.006311082374318109, 0.006221790592912913, 0.0061320605206782895, 0.006041895687514194, 0.005951300826455619, 0.0058602777188529395, 0.005768828837084799, 0.00567695526662562, 0.005584659961741597, 0.005491944407153684, 0.005398810980765704, 0.0053052591589534135, 0.005211291925458432, 0.005116912076024375, 0.005022124424031259, 0.004926930625834735, 0.004831336443891362, 0.004735344292018708, 0.004638960448192597, 0.004542189186635984, 0.004445036226376166, 0.004347505220837423, 0.004249601823292904, 0.004151332704683509, 0.0040527069665791445, 0.003953732495608154, 0.0038544189525313876, 0.0037547755330365772, 0.0036548154520694, 0.0035545515069771716, 0.003453998730541818, 0.0033531728653236137, 0.0032520923986693296, 0.003150779426365188, 0.003049264645534675, 0.0029475824300272783, 0.002845771774027835, 0.002743880137680849, 0.002641964199856385, 0.0025400936792827765, 0.002438345183475171, 0.0023368131281668826, 0.002235605758465362, 0.0021348593617911455, 0.0020347342555699253, 0.001935429265223785, 0.0018371779540294552, 0.0017402667663150892, 0.001645051972068028, 0.0015519768576324677, 0.0014615857810072793, 0.0013745649721270577, 0.0012917514110407687, 0.0012141910771503463, 0.0011431443025228976, 0.0010801170769713115, 0.0010267975391370977, 0.000984992492580509, 0.0009564419843863495, 0.0009426059653773771, 0.0009443661112207843, 0.0009618760953918515, 0.0009945153458139643, 0.0010410810696575893, 0.0011000048292303616, 0.0011696184120359944, 0.0012483169363461564, 0.0013346633131186367, 0.0014274273313333924, 0.001525594691704487, 0.001628326413041209, 0.0017349437523991647, 0.0018448870372651702, 0.001957709567611196, 0.0020730428709180913, 0.0021905886746375392, 0.002310094899633972, 0.002431352418441886, 0.002554185477178951, 0.0026784515405849692, 0.00280402964294247, 0.002930813614157834, 0.003058714633632334, 0.003187651210310403, 0.0033175532083798615, 0.0034483588364934434, 0.0035800120291238596, 0.0037124588706863608, 0.0038456508731205138, 0.003979543027668076, 0.004114094924713091, 0.00424926697646648, 0.004385024108734986, 0.004521331330275306, 0.004658157183751872, 0.0047954706458881715, 0.004933242894880978, 0.005071442511938027, 0.005210040450166454, 0.005349006558133924, 0.00548831444369971, 0.005627932969778181, 0.005767834683516022, 0.005907988955399981, 0.006048369180520221, 0.006188948266277662, 0.006329700135882015, 0.00647059655349442, 0.0066116097888687195, 0.006752711289722876, 0.0068938741532793444, 0.007035069836992166, 0.007176270541809463, 0.00731744582106939, 0.007458567026179782, 0.007599605322996245, 0.007740533523846775, 0.007881321974216168, 0.008021942450466009, 0.008162364870143761, 0.008302560398473043, 0.008442499777330744, 0.0085821531740861, 0.00872148909111972, 0.00886047692033762, 0.008999085977437695, 0.009137286037645305, 0.009275046611576533, 0.009412336888054467, 0.009549126007333816, 0.009685382669885306, 0.009821076259936471, 0.009956175146276221, 0.010090647096746721, 0.010224459507982956, 0.010357580405911788, 0.010489977796616866, 0.010621619513711671, 0.01075247349739401, 0.010882507536553648, 0.011011689100780589, 0.011139986498235473, 0.011267366655642532, 0.011393797216467072, 0.011519244661138054, 0.01164367646192356, 0.011767059423442609, 0.01188936152273863, 0.012010549939798162, 0.01213059246494704, 0.012249456373590978, 0.012367109892798166, 0.012483520478469878, 0.012598656071704253, 0.012712483958287063, 0.012824972120939297, 0.012936088563492286, 0.01304580216627877, 0.013154081423685952, 0.013260895517331114, 0.013366213408879843, 0.01347000506188418, 0.013572240396053615, 0.013672889651098034, 0.013771922744540973, 0.013869310506586505, 0.013965023855332838, 0.014059034855781949, 0.014151315371031354, 0.014241837979374894, 0.014330575283939922, 0.014417500423942351, 0.014502587036614686, 0.014585808985635688, 0.014667140249901444, 0.014746555107195414, 0.0148240288535662, 0.014899537098031674, 0.014973056003404001, 0.015044561985503094, 0.015114031690445994, 0.015181442484077263, 0.015246772202189295, 0.015309998864418337, 0.01537110083534705, 0.015430056962246178, 0.015486847056097257, 0.015541451332507297, 0.015593850659947386, 0.015644026158884144, 0.01569195963342778, 0.015737633526844173, 0.015781031161211448, 0.015822136015663135, 0.015860932520045327, 0.015897405594248806, 0.015931541305197573, 0.01596332612035976, 0.0159927473686613, 0.016019792800916817, 0.016044451002106677, 0.01606671127907279, 0.016086563631377032, 0.016103998503070854, 0.01611900729422317, 0.016131581985627478, 0.016141715218303206, 0.016149400325429736, 0.01615463130662424, 0.01615740297176441, 0.016157710993084027, 0.016155551725662125, 0.016150922558216447, 0.016143821843283408, 0.016134249029587492, 0.016122204362653055, 0.01610768913055855, 0.01609070569174527, 0.01607125726690314, 0.016049348154192615, 0.016024983454959747, 0.015998169159255046, 0.015968912380369175, 0.015937221181387032, 0.01590310452239006, 0.015866572428211212, 0.015827636200604404, 0.015786308330408578, 0.015742602571048012, 0.01569653404310204, 0.0156481191762709, 0.015597375636470418])


DVDM実行時間: 58.21777000000293
初期値に対するノルムの最大誤差: 6.047859990587767e-10
初期値に対するノルムの最大誤差比: 9.438366286042022e-10
初期値に対するエネルギーの最大誤差: 6.955560349908296e-09
初期値に対するエネルギーの最大誤差比: 9.339592376263715e-09
各要素の最大誤差: 0.02235595318467138 0.016121776604038796
各要素の最大誤差比: 0.027928068400958673 0.01416450871638999

t: 8.0 , 0.010894643186094205 0.007198943775299091 , 0.013612660256597667 0.006322754630989387
t: 16.0 , 0.01524989545906236 0.011059390283117684 , 0.01905842698633478 0.009709643156296657
t: 24.0 , 0.019726169031643228 0.0017508974728712757 , 0.02464741276582733 0.0015378034824546094
t: 32.0 , 0.02235595318467138 0.015560440080007485 , 0.027928068400958673 0.013671308091174509

(0.07074513975055297, [2.9165444710558217e-16, 1.2105747211504949e-05, 1.464858046146646e-05, 1.9317321499430012e-05, 2.4076375832828954e-05, 3.070815962620567e-05, 3.868408076555986e-05, 4.845597236634368e-05, 5.985700511609711e-05, 7.296219998385696e-05, 8.772524321064014e-05, 0.00010413581713063352, 0.0001221798882095636, 0.00014184104939749383, 0.00016310356590781928, 0.0001859640902625305, 0.0002103951900193567, 0.00023640937627026617, 0.00026396543576830546, 0.00029309012605003253, 0.00032372967881950655, 0.0003559222491840239, 0.0003896038130029773, 0.000424820790431328, 0.00046150136131099394, 0.0004996976496692221, 0.0005393322192522727, 0.0005804604681608851, 0.0006230014603595052, 0.0006670118790534663, 0.0007124090270668837, 0.0007592491277947975, 0.0008074492598445852, 0.000857063834080326, 0.0009080109504937643, 0.000960341940672743, 0.001013977037083726, 0.0010689636055102863, 0.0011252248697594944, 0.0011828034043095924, 0.0012416261471319507, 0.0013017302823840273, 0.0013630470203377413, 0.0014256076829608612, 0.0014893481444214006, 0.0015542934940158846, 0.0016203846028112548, 0.0016876404389839714, 0.0017560075999769368, 0.0018254986150068066, 0.0018960637404474975, 0.0019677064323119866, 0.002040382321009782, 0.002114095355134487, 0.0021888161397754682, 0.00226454060279742, 0.0023412210201785412, 0.0024188224057569295, 0.002497315424845305, 0.0025767147867709283, 0.002657027988586922, 0.002738218571242921, 0.002820225523076213, 0.0029030100050383856, 0.0029865828793168027, 0.0030709199664350952, 0.0031559826308272575, 0.0032417301123767593, 0.0033281850051372027, 0.0034153162474337135, 0.0035030895575100082, 0.003591461889189041, 0.0036804541107756973, 0.0037700119048122236, 0.0038601047178651988, 0.003950699117778305, 0.0040418083314251235, 0.004133360338038008, 0.004225345687835804, 0.004317740905529709, 0.004410538244434938, 0.004503668082565043, 0.004597147958864573, 0.004690939136976843, 0.004785016257341547, 0.004879337862158033, 0.004973919987101947, 0.0050686957253218085, 0.005163656327535068, 0.0052587773516434575, 0.005354039583844198, 0.0054493862041903205, 0.005544830675783761, 0.005640322626835458, 0.00573583639282656, 0.005831350377772935, 0.00592684993667654, 0.0060222788734139165, 0.006117641263168681, 0.006212900674761056, 0.006308023285350575, 0.006402992250833957, 0.006497789948597314, 0.006592368651468689, 0.006686725507884848, 0.006780832768187628, 0.006874651400211564, 0.0069681708089202885, 0.007061363153191631, 0.007154193631624225, 0.007246659651058582, 0.0073387393829484416, 0.007430388235815037, 0.007521593759652837, 0.007612312172802656, 0.007702531707712951, 0.007792257871682251, 0.007881469258348841, 0.007970115397819305, 0.0080581808886708, 0.008145620107572143, 0.008232442568622322, 0.008318629399200477, 0.008404145613325987, 0.008488966576395834, 0.008573102507486578, 0.008656512035655602, 0.008739189702502146, 0.008821087610480083, 0.008902199384864704, 0.008982515922265332, 0.009062011845287718, 0.009140647200167178, 0.009218441915868373, 0.009295361350845318, 0.009371400031304943, 0.009446528256277838, 0.009520740129676965, 0.009594026280855322, 0.009666365344979999, 0.009737721251952098, 0.009808115107779816, 0.009877510369223009, 0.009945892784395382, 0.010013253978593472, 0.010079586881264854, 0.01014487724216822, 0.010209111845084494, 0.010272277570292743, 0.010334387351131014, 0.010395406219514066, 0.010455331344776697, 0.010514171146796926, 0.010571899849108115, 0.010628511235627145, 0.010684006049864546, 0.010738373473268347, 0.010791606961851214, 0.010843694995954249, 0.010894643186094205, 0.010944448930145763, 0.010993089609240222, 0.011040589841202425, 0.01108693367823815, 0.01113211103256825, 0.011176134902871749, 0.011219008910166533, 0.011260727519586245, 0.011301302283554308, 0.011340719357289234, 0.01137898581099485, 0.011416088051169416, 0.011452064064457467, 0.011486917850887932, 0.011520640200330074, 0.011553233485078912, 0.0115846999147029, 0.011615034130235218, 0.011644280078280295, 0.01167242658577996, 0.011699484385925234, 0.011725459046378683, 0.01175037816233263, 0.011774244319195031, 0.011797060233393709, 0.011818837887463466, 0.011839597443673832, 0.011859346861995928, 0.011878123485115336, 0.011895913661969224, 0.011912750430962364, 0.011928664186814673, 0.011943658201970743, 0.011957745433186723, 0.01197095259396928, 0.011983298225156569, 0.011994803304865869, 0.012005478947372089, 0.012015358095022138, 0.012024459266250459, 0.012032815246279608, 0.01204044199245758, 0.012047357346030256, 0.012053611730348256, 0.01205921197528084, 0.012064177673909765, 0.012068552473877786, 0.012072355585675987, 0.012075611632008279, 0.012078351487096078, 0.012080604432241016, 0.012082408512643325, 0.012083783169884798, 0.012084768877879556, 0.012085392446917254, 0.012085698690649646, 0.012085705615312857, 0.012085451373322106, 0.01208498336849561, 0.012084319058290863, 0.012083486788760566, 0.012082541883529275, 0.012081499922425413, 0.012080411581587147, 0.012079306171591345, 0.012078223360114803, 0.01207718647481501, 0.012076232575519465, 0.012075406825135863, 0.012074758698449189, 0.012074317440393953, 0.012074113447107961, 0.012074177369359689, 0.012074551274556512, 0.012075260645915442, 0.012076369964468708, 0.012077896814797038, 0.012079868893122377, 0.012082335465229561, 0.012085327428264092, 0.012088873417620239, 0.01209300474224755, 0.012097750826855323, 0.012103155332154593, 0.01210924635819056, 0.012116060421273516, 0.012123622295448432, 0.012131964104007107, 0.012141117956899145, 0.012151112609331086, 0.0121619674041957, 0.012173703045871407, 0.012186364898979467, 0.012199964784282723, 0.012214521584875527, 0.0122300702458924, 0.012246624759071728, 0.012264207854760784, 0.012282837300494176, 0.012302522871741575, 0.012323289008692418, 0.012345144465358452, 0.012368105009467346, 0.0123921752502766, 0.012417374941373358, 0.01244371269332339, 0.012471194008062177, 0.01249982330130499, 0.012529614634114955, 0.01256056916010877, 0.012592681676943019, 0.012625958580525806, 0.012660403517552888, 0.012696002843630691, 0.012732765123385538, 0.012770676094297141, 0.012809734708197417, 0.012849932734738324, 0.012891258568708337, 0.012933707324582005, 0.012977271260419055, 0.013021932772662727, 0.013067675802975121, 0.013114485413297837, 0.01316235013483448, 0.013211249710903848, 0.01326117167449305, 0.013312094563091468, 0.013363994067801324, 0.013416844803976822, 0.013470633252741747, 0.013525337254315862, 0.013580930652624246, 0.013637393033007676, 0.013694695899839782, 0.01375281653414678, 0.013811729620351628, 0.013871404278300305, 0.013931816417924256, 0.013992936514791065, 0.014054737713624248, 0.014117193883379881, 0.014180273722604964, 0.01424394690006845, 0.01430818460490095, 0.014372958924751647, 0.014438236619166647, 0.014503987945243095, 0.01457018363001706, 0.014636793930234059, 0.014703787530716519, 0.01477113464946054, 0.014838804636536345, 0.01490676666128087, 0.014974990822283605, 0.015043446039309311, 0.015112101719989588, 0.015180928238485408, 0.01524989545906236, 0.015318973586703004, 0.015388133185874097, 0.015457344904313844, 0.01552657950108639, 0.015595808501491731, 0.015665003628296575, 0.015734135989344245, 0.015803178176689928, 0.015872103152782535, 0.015940883645892363, 0.016009492194724376, 0.016077903574952118, 0.016146090781072403, 0.01621402945502226, 0.016281694014046617, 0.01634906036113198, 0.016416102823677475, 0.016482799790804897, 0.01654912645392952, 0.01661505972276637, 0.016680581928436956, 0.016745668572330844, 0.016810297891227358, 0.016874448291868446, 0.016938099784223573, 0.017001236806363583, 0.017063836647290744, 0.017125883596625594, 0.017187359168986942, 0.0172482413331073, 0.017308516402636104, 0.01736817019852284, 0.017427185695632768, 0.017485545941160495, 0.017543239901762864, 0.017600251752300757, 0.01765657173669409, 0.017712182846546375, 0.01776707148923661, 0.017821227495242932, 0.017874642649616874, 0.01792730343480571, 0.017979199896945335, 0.018030326634436825, 0.018080671020752538, 0.018130226204186587, 0.01817898917658972, 0.018226942716005914, 0.018274087964165155, 0.018320415883673703, 0.01836592691777794, 0.018410609897172477, 0.01845446059358622, 0.018497483030765004, 0.018539669495198866, 0.018581012754056873, 0.018621515750077124, 0.01866117391671163, 0.018699987231328243, 0.01873795498504802, 0.01877507527183209, 0.018811350271652406, 0.01884678606166372, 0.018881376731632787, 0.018915130799020227, 0.018948047617101303, 0.01898013156277611, 0.0190113849230062, 0.019041811347173497, 0.0190714125835479, 0.019100197967255438, 0.019128178973612835, 0.019155345758709672, 0.019181713550678395, 0.01920729114567891, 0.019232079486894177, 0.019256092485880217, 0.019279337188829394, 0.019301824265730152, 0.01932355054744704, 0.019344524724736665, 0.019364767522539555, 0.019384284419566016, 0.019403091063982962, 0.019421192228771828, 0.01943859537231738, 0.019455314082366285, 0.01947136420510972, 0.01948674914671825, 0.019501490891333385, 0.01951559239279104, 0.019529069561742995, 0.019541936774654066, 0.01955420284008655, 0.019565880819683704, 0.019576979181300948, 0.01958751230253711, 0.019597504085129575, 0.019606965827640578, 0.01961590388899083, 0.019624334828003163, 0.019632289361081398, 0.019639758071345527, 0.0196467670900177, 0.019653327647615938, 0.01965945312453686, 0.019665162490909795, 0.019670468661604153, 0.019675387585696976, 0.019679930445089457, 0.019684116061722115, 0.019687961451950706, 0.01969147202619928, 0.01969466712396113, 0.019697561499957706, 0.019700170672375235, 0.019702512241674193, 0.019704593843579105, 0.01970643073482069, 0.019708050625731936, 0.019709451950644493, 0.01971065217153688, 0.019711666490723978, 0.019712508169071594, 0.019713192509636383, 0.01971372141664702, 0.01971412547980459, 0.019714415866333254, 0.019714602693963225, 0.019714694256108837, 0.019714711715289133, 0.019714658369527994, 0.01971455279250964, 0.019714417312206068, 0.019714243343511316, 0.019714049062295534, 0.01971384624416268, 0.01971363408513697, 0.01971344054616101, 0.019713275738824785, 0.01971315167261395, 0.01971306277301513, 0.019713023740822653, 0.019713046800620707, 0.01971314470373341, 0.019713317961103375, 0.019713578671207068, 0.019713933798425752, 0.019714400898548874, 0.019714972878295284, 0.019715663512107583, 0.019716482164423454, 0.019717421680858885, 0.01971850309937907, 0.01971973239920081, 0.019721109335298165, 0.019722638593120907, 0.01972431934593456, 0.019726169031643228, 0.0197281767809622, 0.019730349970365078, 0.019732690157103105, 0.019735206121342688, 0.019737901581977507, 0.01974078178446085, 0.01974383944412579, 0.019747079274969048, 0.019750518747195356, 0.019754133566847513, 0.019757933450158766, 0.01976192601316523, 0.019766101979349172, 0.01977046746458871, 0.019775022882436745, 0.019779763572101032, 0.01978469260380628, 0.019789808288253396, 0.019795112915490305, 0.01980060063142511, 0.019806267966213886, 0.019812120895956107, 0.01981815731538088, 0.01982437280375061, 0.019830767102055082, 0.019837345748743317, 0.019844106952231436, 0.01985102537718211, 0.01985812113582993, 0.019865382851387656, 0.019872816264510196, 0.019880415182321327, 0.019888171823492628, 0.019896086326955196, 0.019904154348519335, 0.019912377842108545, 0.01992075781179642, 0.01992929394459532, 0.01993797900551914, 0.019946800015688732, 0.01995575957622288, 0.019964859980018092, 0.019974097657845982, 0.019983462207509652, 0.019992965410309066, 0.020002591738091775, 0.020012350280192666, 0.02002224145610967, 0.020032247014594575, 0.020042373336510502, 0.020052628344021158, 0.020063001048849248, 0.02007349423093868, 0.020084106160539877, 0.02009483424121349, 0.020105678591264768, 0.020116633045923146, 0.020127707517619053, 0.020138891510765707, 0.020150186419163715, 0.020161598230400247, 0.02017312878607006, 0.020184772719397077, 0.020196523755169643, 0.020208396016642687, 0.02022038095441327, 0.02023248069981579, 0.020244697749443503, 0.02025702988708924, 0.02026949216157539, 0.020282076533678303, 0.020294787847460687, 0.02030762771503683, 0.02032060269285016, 0.020333710218367055, 0.02034695601763702, 0.02036033888254025, 0.02037386449188253, 0.020387535832475066, 0.020401357855891044, 0.020415333099759545, 0.02042946738678712, 0.020443766828963924, 0.020458228901372236, 0.02047285866296179, 0.02048766669727013, 0.020502651604871688, 0.020517828293122105, 0.02053319970530926, 0.02054875861878796, 0.020564518306901317, 0.020580489637920297, 0.02059667012148764, 0.02061307226711177, 0.02062969597450231, 0.020646550123905157, 0.020663632339535786, 0.020680952125276045, 0.020698521943915, 0.020716342575809097, 0.020734421184565293, 0.020752762327872574, 0.02077137705678113, 0.020790266664899297, 0.020809437474106275, 0.020828892587450503, 0.020848637506846176, 0.020868683479740514, 0.020889031377554556, 0.02090968774910692, 0.020930657700149968, 0.020951945110018116, 0.02097355761158632, 0.020995498503134022, 0.02101777140329607, 0.021040382711099634, 0.021063337018221048, 0.021086637521069942, 0.02111028978230897, 0.021134294621218627, 0.021158656861300213, 0.021183378593988545, 0.021208464813582233, 0.021233916918935027, 0.021259738695396362, 0.02128593171541187, 0.021312499856244557, 0.0213394452580145, 0.021366767647494466, 0.021394466478027844, 0.02142254734292055, 0.021451008848002735, 0.021479848395848312, 0.021509070025900513, 0.021538671715925942, 0.0215686529885558, 0.021599013660402674, 0.021629751393806164, 0.021660865435946183, 0.021692352007501806, 0.021724209183829783, 0.021756433354938088, 0.02178902195853375, 0.02182197168201331, 0.02185527834531836, 0.021888937229529497, 0.021922943563855206, 0.021957292505371387, 0.021991978833161393, 0.02202699677371838, 0.022062340214411728, 0.022098002678976186, 0.022133977200148067, 0.022170256749315283, 0.022206833817823148, 0.022243700178819083, 0.02228084814948149, 0.02231826856090578, 0.02235595318467138],
[4.116817157781928e-17, 0.0001786988095307103, 0.00035649842560781366, 0.0005342476019738042, 0.0007118479362848707, 0.0008892862658365267, 0.001066469371090708, 0.0012433853238101623, 0.0014199744403759645, 0.0015962086425231191, 0.0017720286262081755, 0.001947405108401401, 0.0021222841897752874, 0.0022966317653392455, 0.0024703979294138523, 0.0026435485239216724, 0.002816032663694579, 0.002987813951275666, 0.0031588468306401017, 0.0033290954139065195, 0.0034985109635960864, 0.003667056287981928, 0.0038346885834329336, 0.004001371488230511, 0.004167058083634728, 0.004331711199527403, 0.00449529015283816, 0.004657758772910578, 0.004819071876785375, 0.004979192809606751, 0.005138082755022833, 0.005295706185298853, 0.005452019648382932, 0.005606987350575635, 0.005760572277321059, 0.005912739866436064, 0.0060634484447180245, 0.006212663363404142, 0.006360349417330282, 0.006506473254770456, 0.006650995058086371, 0.006793881552802198, 0.006935099404954893, 0.007074616706270134, 0.007212395587277769, 0.007348404345894912, 0.007482611598417552, 0.007614987030058427, 0.007745494766260975, 0.00787410487667848, 0.008000788121262167, 0.008125516017758606, 0.008248254703958133, 0.00836897597901115, 0.008487652718586853, 0.008604258532033478, 0.008718762010705367, 0.008831137188592105, 0.008941359125990938, 0.009049403168236913, 0.009155239932229, 0.009258845553633314, 0.009360197459117899, 0.009459273413603423, 0.009556046736328299, 0.009650495903619596, 0.009742600748921653, 0.00983234136630753, 0.009919693373863303, 0.010004637495551187, 0.010087156048339013, 0.010167231412902818, 0.010244841750679003, 0.010319970289319687, 0.010392601812599213, 0.010462721221922678, 0.010530309359811111, 0.010595352088932256, 0.01065783693741323, 0.010717751353144091, 0.01077507893238317, 0.010829808210685571, 0.010881929342399729, 0.010931432469724446, 0.010978303828804244, 0.011022534504133027, 0.011064117326065978, 0.011103045024567505, 0.011139306473931115, 0.011172895297908185, 0.011203807051887154, 0.011232037102953507, 0.011257576945474246, 0.011280422962304519, 0.011300573431252027, 0.01131802643281735, 0.01133277628222012, 0.011344822148262717, 0.011354165052722858, 0.011360805828819657, 0.011364741708888767, 0.011365974703815252, 0.011364508743345825, 0.011360347354600928, 0.011353490367173572, 0.011343942613442133, 0.011331710962651287, 0.011316801788443822, 0.011299217682502912, 0.011278966104782039, 0.011256056350398412, 0.011230497364148372, 0.01120229438359078, 0.011171457545219756, 0.011137998971633556, 0.01110193021933182, 0.011063258809962015, 0.011021997229876986, 0.010978160151018199, 0.01093176167324275, 0.010882811841751763, 0.010831325587871136, 0.010777320055891763, 0.010720811817332204, 0.010661813335159247, 0.01060034212644279, 0.010536417898809722, 0.01047005968642326, 0.010401282451123477, 0.010330106200944997, 0.010256553055250799, 0.010180644501379208, 0.010102397666459978, 0.0100218348944223, 0.009938980840780608, 0.009853859361530963, 0.00976648992714237, 0.009676897419613268, 0.009585108844350631, 0.009491150404636562, 0.009395043607982989, 0.009296815430020342, 0.009196495191918085, 0.009094111121014494, 0.008989686466472363, 0.008883250250917336, 0.008774833735265988, 0.008664467111064755, 0.00855217530313024, 0.008437989094235222, 0.008321941749116952, 0.008204065243462616, 0.008084386077331931, 0.007962936986756052, 0.007839752869371868, 0.00771486733247558, 0.0075883083695493245, 0.0074601104722481085, 0.007330310497760808, 0.007198943775299091, 0.0070660396176053936, 0.006931634232395204, 0.006795766315307608, 0.0066584733671478154, 0.006519786423731628, 0.006379743817139067, 0.006238386785037805, 0.006095755157306717, 0.0059518819002927085, 0.0058068083106151604, 0.005660578969634639, 0.00551323694620974, 0.005364817753298643, 0.005215366342024576, 0.005064931696566826, 0.004913561622476144, 0.004761296317200749, 0.004608186441174272, 0.0044542869422557925, 0.004299652533304313, 0.0041443303528359765, 0.003988380419954268, 0.003831869341710439, 0.003674865233405991, 0.0035174297322606834, 0.0033596421920756487, 0.003201593265682824, 0.003043379976243426, 0.0028850976082135295, 0.002726871527860727, 0.002568851836545356, 0.0024112122941869563, 0.002254146670959903, 0.0020979157122318383, 0.0019428550155451872, 0.0017893939037348064, 0.0016380793068363434, 0.0014896856889342173, 0.0013453013486795394, 0.0012064723228572306, 0.00107541149269852, 0.0009554075708417729, 0.0008512236395342192, 0.0007693395858491213, 0.000717360788095115, 0.000701898656524091, 0.0007251879775655799, 0.0007836291034976305, 0.0008699557693830272, 0.0009766376950493681, 0.0010976074532503914, 0.0012285063053406437, 0.0013663176573782817, 0.0015090093399110415, 0.0016551723567210807, 0.001803797951887334, 0.0019541352545965744, 0.002105653028519345, 0.002257962622111397, 0.002410770596224236, 0.0025638331693773045, 0.0027169616707588638, 0.0028699933591412987, 0.0030227859105375295, 0.0031752128937907486, 0.003327186017579664, 0.00347863162483426, 0.00362947594781778, 0.003779635398017147, 0.003929043274420456, 0.0040776457776589845, 0.004225397779190218, 0.004372247750989394, 0.004518148577197117, 0.004663052550539858, 0.004806917801671994, 0.004949704710068609, 0.005091381951993562, 0.005231912682218295, 0.005371257949584708, 0.005509379639197883, 0.00564625254666279, 0.005781849492548, 0.005916137122570868, 0.006049078378992742, 0.0061806491657415705, 0.006310827857028477, 0.006439587701914533, 0.006566894932711205, 0.006692726239393007, 0.006817063147296581, 0.006939884242115889, 0.0070611597015123664, 0.007180867569569165, 0.007298991254445244, 0.007415512839070279, 0.007530406462110599, 0.0076436524912034415, 0.007755236337977926, 0.007865142904658158, 0.007973349407877106, 0.00807983880294202, 0.008184598885232697, 0.008287616668354179, 0.00838887197219857, 0.00848835054329784, 0.008586042313264815, 0.008681935384666332, 0.00877601184457857, 0.008868260805195389, 0.008958674419704705, 0.009047241978799405, 0.009133948490949098, 0.00921878677076067, 0.009301750427653471, 0.009382829618662436, 0.009462013067014453, 0.009539297070233854, 0.009614675921573109, 0.00968814141566093, 0.009759686750338096, 0.009829310464039764, 0.009897006955304835, 0.0099627712158803, 0.01002660066944208, 0.010088494392476706, 0.010148447850503353, 0.010206460816304814, 0.010262533385626335, 0.010316664524590579, 0.010368853174218628, 0.010419103064574385, 0.01046741421933341, 0.010513787131548972, 0.010558225466449729, 0.010600734125695342, 0.010641313293683567, 0.01067996796645801, 0.010716704479825959, 0.010751526872769635, 0.010784438497866302, 0.010815448378903312, 0.010844562082348012, 0.010871785231957077, 0.010897125967198077, 0.010920593233946087, 0.010942192840761632, 0.010961935334655039, 0.0109798301341986, 0.010995885395277129, 0.011010111080048856, 0.011022519698915439, 0.011033119155160124, 0.011041921206119265, 0.011048938636825956, 0.01105418213823914, 0.01105766253552545, 0.011059394998629556, 0.011059390283117684, 0.011057661307877071, 0.011054223041585962, 0.01104908894389175, 0.011042271384734749, 0.011033787522559988, 0.011023650646464626, 0.011011875256958114, 0.010998477933000468, 0.010983474108658456, 0.01096687815552827, 0.010948709084617253, 0.010928981582617563, 0.010907711980850944, 0.010884918949426448, 0.010860619271806473, 0.010834828394632045, 0.010807566755780845, 0.010778850642155129, 0.010748697895769953, 0.010717127612434521, 0.01068415722897163, 0.010649804293665837, 0.010614089771319144, 0.010577029295561544, 0.010538642064864684, 0.010498948116099437, 0.010457964653498707, 0.010415709561092298, 0.010372203599707613, 0.010327463179427027, 0.01028150828849863, 0.010234356625704585, 0.01018602520417397, 0.01013653368454808, 0.01008590066522646, 0.010034140690995097, 0.00998127420896318, 0.009927318143256572, 0.009872289347514905, 0.009816205636192617, 0.009759083534699557, 0.009700939837081222, 0.009641793782985686, 0.009581658307905168, 0.009520551670802813, 0.009458491753678711, 0.009395493396288677, 0.009331572838095468, 0.00926674738026393, 0.009201031676966825, 0.009134444531152827, 0.0090669990542624, 0.008998711430848898, 0.008929599893760397, 0.008859678747049878, 0.008788962248194827, 0.008717468196846465, 0.008645210052943617, 0.008572205322128722, 0.008498466677468603, 0.008424008291377258, 0.008348847398106827, 0.008272996965012571, 0.008196468299070283, 0.00811927773717362, 0.008041436453684212, 0.007962959136780105, 0.007883856014858635, 0.007804138196892085, 0.007723820366252147, 0.007642912646914819, 0.007561422739091308, 0.007479364587544579, 0.00739674646767926, 0.007313580282384153, 0.007229873206509865, 0.007145633817479604, 0.007060874898716347, 0.0069756043603557295, 0.006889828248470916, 0.006803558995852488, 0.0067168034142384555, 0.00662957264109551, 0.006541871352153245, 0.006453706832428747, 0.006365089710475511, 0.006276023212231097, 0.006186508260477332, 0.006096549864727767, 0.0060061466630933775, 0.005915301234730873, 0.005824006850766956, 0.005732263422123628, 0.005640075232691153, 0.005547441600499047, 0.005454364862006691, 0.005360851938247431, 0.0052669075901138245, 0.005172540256682324, 0.005077745106675899, 0.004982526021870278, 0.004886885241282214, 0.004790820479971654, 0.004694332803321314, 0.004597426319343331, 0.004500109357259107, 0.004402389870740486, 0.004304260772325927, 0.004205726846002341, 0.004106784280828462, 0.004007429907234177, 0.0039076623573430875, 0.003807486817068894, 0.003706920426721087, 0.003605973211420298, 0.003504645753344603, 0.003402952382129884, 0.0033008997028190438, 0.0031985067455795463, 0.0030957856461551825, 0.0029927618549258055, 0.0028894662875445683, 0.002785912752025511, 0.002682117363507987, 0.0025781130224958085, 0.002473946554627968, 0.002369686253566493, 0.0022653865287078894, 0.002161137144640577, 0.0020570342455376997, 0.0019531935451013956, 0.001849765994239827, 0.001746942779910365, 0.0016449701349619138, 0.0015441283498520508, 0.0014447529038946415, 0.001347335074345637, 0.0012525067991051232, 0.0011611154891687785, 0.0010742149051546548, 0.0009932042041278395, 0.0009199051741691293, 0.00085655874956054, 0.0008058024061613789, 0.0007704177443228495, 0.0007528508692074965, 0.0007546301320321538, 0.0007758666614000091, 0.0008153835459769166, 0.0008709735177830855, 0.0009400307111314907, 0.0010200265291908837, 0.0011088131796066984, 0.001204673176649927, 0.0013062070475196815, 0.0014123174124867095, 0.0015221887801121253, 0.0016352025464822302, 0.0017508974728712757, 0.0018688750946590346, 0.001988845354667793, 0.002110571757559503, 0.002233865490435322, 0.0023585650322525665, 0.0024845282634808905, 0.0026116452598845454, 0.002739819955485986, 0.0028689748014811022, 0.002999054407409098, 0.00312999526973501, 0.003261749169434622, 0.0033942620098405285, 0.003527499053007235, 0.0036614166669121967, 0.0037959685632654758, 0.003931119119905649, 0.004066841676036623, 0.004203113947845341, 0.004339902774154181, 0.004477175586539386, 0.004614913089832769, 0.004753086265157905, 0.004891665543416746, 0.005030613716804592, 0.005169912714300595, 0.00530954221920871, 0.005449475062436808, 0.005589682980963332, 0.00573014238222315, 0.005870832723280402, 0.006011722023499921, 0.006152776876438545, 0.006293975260988161, 0.0064352937630031935, 0.0065767084145283315, 0.006718185817139707, 0.006859704717136421, 0.007001240017833183, 0.007142761192242028, 0.007284235178562734, 0.007425635102695093, 0.007566939346180779, 0.0077081182121940695, 0.007849141169768878, 0.007989982754581234, 0.00813061515089942, 0.008271007684254327, 0.008411124315372834, 0.008550940498497564, 0.008690428259539732, 0.008829558303365351, 0.008968298432690253, 0.009106620888109462, 0.009244497236359436, 0.009381892097122285, 0.009518773244947983, 0.009655112134788245, 0.009790879956848493, 0.009926044957338129, 0.010060573765591886, 0.010194438654726835, 0.010327605167943532, 0.010460040628863038, 0.01059171141321458, 0.010722588897156106, 0.010852641190767856, 0.010981835190467571, 0.011110139551522309, 0.011237520903471257, 0.01136394594459753, 0.011489381209465284, 0.011613794920973473, 0.011737155634626692, 0.011859430063387013, 0.011980588214654196, 0.012100595067793825, 0.012219418007956739, 0.012337023407316969, 0.012453381357314537, 0.012568458610389558, 0.012682222909531388, 0.012794644648007742, 0.012905691666516388, 0.013015330440020954, 0.013123528878189758, 0.013230258494374479, 0.013335488821487926, 0.013439187513531637, 0.013541327080799314, 0.013641877381808097, 0.013740808482553444, 0.013838088965935805, 0.0139336933535643, 0.014027593254908908, 0.01411976056654801, 0.014210168402252992, 0.014298789773212237, 0.014385597277791682, 0.014470563889704012, 0.014553665115765623, 0.01463487510509587, 0.014714168858060334, 0.014791523011837907, 0.014866911541760609, 0.014940310426173328, 0.015011695869597564, 0.015081046857098775, 0.0151483383205099, 0.015213549431075817, 0.015276658931897292, 0.01533764450458616, 0.015396483976201221, 0.015453157973505278, 0.015507647627013723, 0.015559932124914475, 0.015609993682889152, 0.015657814399166265, 0.01570337569004846, 0.015746661225820396, 0.015787655188214768, 0.015826342876540514, 0.015862708694473624, 0.015896741087762227, 0.015928424960034427, 0.015957748290187618, 0.01598469977908326, 0.01600926883851159, 0.016031443585376774, 0.016051214493138594, 0.016068572455509172, 0.016083506222000925, 0.01609600755745231, 0.016106068739717466, 0.016113681824276586, 0.01611884047601114, 0.016121540049806014, 0.016121776604038796, 0.01611954632512306, 0.01611484993312443, 0.016107685098512903, 0.01609805237983195, 0.016085952037523013, 0.01607138535454477, 0.01605435200439527, 0.016034855291072254, 0.01601289857231653, 0.01598848538692077, 0.015961623312302338, 0.01593232009762588, 0.01590058416031377, 0.01586642541067578, 0.01582985461998182, 0.015790881313125688, 0.01574951679702558, 0.015705775420422723, 0.01565967013586742, 0.015611219072702374, 0.015560440080007485])
[Finished in 75.612s]
