[Command: python -u /Users/kawaisk/Documents/GitHub/Zakharov/Zakharov_DVDMandGlassey.py]
L= 20 Emax= 1.3
N= 1 dt= 1.026806084463841 dx= 1.0
31

Glassey実行時間: 0.00567741700069746
初期値に対するノルムの最大誤差: 4.884981308350689e-15
初期値に対するノルムの最大誤差比: 1.2597052326559943e-15
初期値に対するエネルギーの最大誤差: 15.796438056084034
初期値に対するノルムの最大誤差比: 2.454876972270526
各要素の最大誤差: 3.417785032851223 7.149589352006365
各要素の最大誤差比: 2.0180341418738355 0.11784780784225529

t: 8.0 , 2.3916710652017357 3.304928351474375 , 1.4196574269674072 0.06376615438045614
t: 16.0 , 2.7594530113497964 4.989621192406818 , 1.634392420666211 0.08869678608388419
t: 24.0 , 2.035882216241766 5.277148304663217 , 1.2012124692826018 0.08185292380492312
t: 32.0 , 2.3731387028002233 6.6990370499694984 , 1.312453747301957 0.11197569732972106

(1.4332936667312683,
[0.0, 0.811300242357173, 1.1560804824633264, 1.8289282952074368, 2.3247344043668368, 2.663385771698968, 2.7142849123801267, 2.3916710652017357, 2.1220695599394688, 2.4685634511466867, 2.748692834833697, 2.621516946349434, 2.6881015608066674, 2.64877563443247, 2.2759172169164588, 2.7594530113497964, 2.7820062434319395, 2.6164854798851542, 2.305419642527242, 2.4476040969844943, 1.976561399564934, 2.7712376534053353, 3.417785032851223, 2.035882216241766, 2.4875838437318563, 2.8445192078304165, 2.255552768559719, 2.9648868959888532, 2.314569323399894, 2.809204606064065, 2.9670411034893527, 2.3731387028002233],
[0.0, 1.2236876830510588, 3.1604936863879187, 3.8878985750263455, 4.612297751712623, 4.362592402382583, 2.7398663260534466, 3.304928351474375, 3.7149034421689824, 3.431436077589567, 3.277842134490932, 3.4903704489338243, 3.6342165906378017, 3.986775932751412, 4.785058013732115, 4.989621192406818, 4.845711602548256, 4.987517235141171, 5.428781029558553, 5.92496700430717, 5.268535998456601, 4.050582103339387, 4.9026361411606505, 5.277148304663217, 5.6195429540594635, 5.997712793788317, 6.140106513026081, 6.184435172457454, 6.397728127110681, 6.657002064650622, 7.149589352006365, 6.6990370499694984])


DVDM実行時間: 0.1459188750013709
初期値に対するノルムの最大誤差: 8.219146018006995e-06
初期値に対するノルムの最大誤差比: 2.1194965944184545e-06
初期値に対するエネルギーの最大誤差: 4.9317040528684686e-05
初期値に対するノルムの最大誤差比: 9.625284511458816e-06
各要素の最大誤差: 3.036440827066654 4.446204876884392
各要素の最大誤差比: 1.793990530245863 0.07804547951075676

t: 8.0 , 1.330592685122234 2.3172387213584282 , 0.7898183889860915 0.04470941162055568
t: 16.0 , 3.0165533659040964 2.398296218337411 , 1.78667001666289 0.042632728706415594
t: 24.0 , 2.573057477779238 4.254677661373259 , 1.5181569453437491 0.06599356059846785
t: 32.0 , 2.4868548329476208 3.5039851286530563 , 1.3753439445603484 0.05856978776012066

(1.4332936667312683, [0.0, 1.241595665580697, 1.8565432934890362, 2.258858743267311, 2.3246601154205306, 2.071697245833455, 1.601926954251092, 1.330592685122234, 1.59951572711741, 2.027045175162859, 2.3866790747493507, 2.7314100232072134, 2.8518487998125694, 2.7958392637598264, 2.7842113046683687, 3.0165533659040964, 3.0289130749959625, 2.990819325516358, 2.6503245123997323, 2.6003150693363435, 2.4395199783724486, 2.414098296058025, 2.4433894564882865, 2.573057477779238, 2.925751907282638, 2.5700781965193618, 2.6931154304063982, 3.036440827066654, 2.9656618450564203, 2.4680522818749715, 2.3477762824865898, 2.4868548329476208], [0.0, 2.241594265178761, 3.4118213889522204, 2.7914937627197096, 2.3628270317952373, 2.439554916466036, 2.4455441076684163, 2.3172387213584282, 2.2520838651860355, 1.8903381876001777, 1.5696999714242252, 1.5049416463404828, 2.4152855150781027, 3.245939035329706, 2.840772036807181, 2.398296218337411, 2.7355897493341397, 3.652817255509304, 3.3224463475301587, 3.0791992248830673, 3.4273618923176765, 3.281693954156762, 3.9699174824025563, 4.254677661373259, 4.044693761046058, 4.446204876884392, 4.013613368296029, 3.0768168761023973, 3.179952119080705, 3.694861449186236, 4.2726096792132795, 3.5039851286530563])
[Finished in 1.193s]
