[Command: python -u /Users/kawaisk/Documents/GitHub/Zakharov/Zakharov_DVDMandGlassey.py]
L= 20 Emax= 1
N= 1 dt= 1.026806084463841 dx= 1.0
31

Glassey実行時間: 0.025076208003156353
初期値に対するノルムの最大誤差: 4.440892098500626e-15
初期値に対するノルムの最大誤差比: 1.4899414341662328e-15
初期値に対するエネルギーの最大誤差: 1.1264014717234994
初期値に対するノルムの最大誤差比: 0.282803714674789
各要素の最大誤差: 2.9676798779402844 3.4178628339160437
各要素の最大誤差比: 1.9485444476816753 0.3079161181765806
t: 8.0 , 2.8347275818180426 2.052138256683636 , 1.9115207893009813 0.1882637135181053
t: 16.0 , 1.4499962137301425 2.1400121619336243 , 0.9776791263603325 0.19352729340311772
t: 24.0 , 1.435301018774733 2.8113938843146777 , 0.967114142324965 0.2482029796480336
t: 32.0 , 1.9625796303334266 3.4035624052603657 , 1.2123509972369166 0.24986995354589686
(1.4332936667312683,
[0.0, 0.5154867418983031, 1.3639299209775517, 2.1778747934401017, 2.598775541633542, 2.7047565288560236, 2.759423138813762, 2.8347275818180426, 2.891186059417495, 2.875236062341254, 2.7727415204059556, 2.6075333295952157, 2.3512537903924735, 1.959847131724518, 1.600136840624926, 1.4499962137301425, 1.4212366295818255, 1.483140293206685, 1.4703055525020012, 1.387447891383332, 1.4687089575467032, 1.6438240853084336, 1.7417484388028053, 1.435301018774733, 1.0861346494070199, 1.576178306860744, 2.343979075130808, 2.810772289040193, 2.9676798779402844, 2.817731448898032, 2.432490818007086, 1.9625796303334266],
 [0.0, 0.8602409235813588, 1.8196800767467431, 2.7698219687354824, 2.8610412090462303, 2.296054368306881, 1.7684154759539388, 2.052138256683636, 2.1316487921474505, 1.720918084340134, 2.0389489791001596, 1.7277741996354754, 1.6989775980004551, 2.0212404953947316, 1.664307492338751, 2.1400121619336243, 1.9846500849405058, 1.807256266019265, 2.040180207182303, 1.6570964967433468, 2.284721419287453, 2.2529503377582443, 1.9912279583884411, 2.8113938843146777, 2.521594511012872, 2.874000973291459, 3.4178628339160437, 2.7527889326760744, 2.8772220534411015, 2.7973335729767657, 2.9601339490120933, 3.4035624052603657])

DVDM実行時間: 0.09408929199707927
初期値に対するノルムの最大誤差: 4.143932372357995e-06
初期値に対するノルムの最大誤差比: 1.390309965883554e-06
初期値に対するエネルギーの最大誤差: 2.7931814969406332e-05
初期値に対するノルムの最大誤差比: 8.354337742725306e-06
各要素の最大誤差: 3.0094925865023616 3.3899183947590124
各要素の最大誤差比: 2.028494541378993 0.311351642226675
t: 8.0 , 2.9583952729878598 2.014261692024532 , 1.9949127046836752 0.18478890732763195
t: 16.0 , 2.309834559815862 2.3544299719154376 , 1.5574365043810803 0.21291769648648642
t: 24.0 , 2.29834299673381 2.9498927308923184 , 1.548636827382943 0.2604303045313151
t: 32.0 , 2.508780111265547 2.3978387334567977 , 1.5497572800264914 0.17603551267736153
(1.4332936667312683,
 [0.0, 0.6443120972237103, 1.4198304928880325, 2.130136598417324, 2.6150635465448127, 2.8195682266977977, 2.8968003298381264, 2.9583952729878598, 3.001869858474808, 3.0094925865023616, 2.969707221165153, 2.9107076992829213, 2.7302607723408485, 2.560356187309743, 2.4049981222803165, 2.309834559815862, 2.16040771167777, 1.9732853137011, 1.7094123542873696, 1.5198414793213342, 1.5717828169912178, 1.8104428273552269, 2.0958047061255356, 2.29834299673381, 2.238748971924744, 2.067090074550189, 2.085501518840868, 2.241024548651584, 2.5071370395394985, 2.6989930180439683, 2.7027568912101474, 2.508780111265547],
 [0.0, 0.9632459867327854, 1.7983348924579974, 2.284549493607134, 2.5928875058115404, 2.063626804286109, 2.2082163576142158, 2.014261692024532, 2.2497855914755616, 2.1406202011953743, 2.3614810864514433, 2.414541188108037, 2.7410453242276995, 2.8205379775644372, 2.889810926328028, 2.3544299719154376, 2.722898490225905, 2.4743685999380762, 2.918387862378962, 2.7808137456790223, 3.133206117742355, 2.914737259402549, 3.202502568466493, 2.9498927308923184, 3.3899183947590124, 2.812156575071577, 3.042953825862656, 2.0946703755011757, 2.8563171875070874, 2.5156072737759843, 3.0873443406521797, 2.3978387334567977])
[Finished in 1.161s]
