[Command: python -u /Users/kawaisk/Documents/GitHub/Zakharov/Zakharov_DVDMandGlassey.py]
L= 20 Emax= 1.3
N= 60 dt= 0.016674168998627066 dx= 0.016666666666666666
1909

Glassey実行時間: 455.3710654589959
初期値に対するノルムの最大誤差: 5.183449225398817e-10
初期値に対するノルムの最大誤差比: 1.3920167032284845e-10
初期値に対するエネルギーの最大誤差: 19.695653790311372
初期値に対するエネルギーの最大誤差比: 2.4257774120843068
各要素の最大誤差: 3.6796837072418476 7.581096712623543
各要素の最大誤差比: 2.0947925751899237 0.11908724082481219

t: 8.0 , 3.344413709356411 3.464725640480703 , 1.9773953364448822 0.05781677550373455
t: 16.0 , 1.4701699945484852 4.927482727416309 , 0.8692522250069795 0.0822253850791539
t: 24.0 , 2.407715184788768 6.005844532552234 , 1.4235690991108807 0.10022109992844043
t: 32.0 , 1.7070230210862132 7.579205122213507 , 0.8850524151660152 0.06596339754397647

(0.02357553158621357,
[3.008894190644244e-15, 0.0933675490902526, 0.09909982955415939, 0.12304619280263226, 0.13044465436218572, 0.14816983416038368, 0.15691428835864044, 0.17250728383029712, 0.1824327090134485, 0.19725041098453297, 0.20825726306595918, 0.2229197371566692, 0.2349635319655751, 0.24979537534045254, 0.2628549774856284, 0.27805091776776814, 0.292100292224832, 0.30779950921328136, 0.32280245348473896, 0.3391005531137243, 0.35502964146162286, 0.3719793168408942, 0.3888175039022798, 0.40644595719417576, 0.42417238256206585, 0.44249839772202926, 0.4610826971830952, 0.480119925725338, 0.4995292099539945, 0.5192782996802985, 0.5394861338304324, 0.5599347337482796, 0.5809159040270157, 0.60204924074246, 0.623772743779714, 0.6455770188184462, 0.6680089177384562, 0.6904668704258904, 0.7135755847878488, 0.7366638121870354, 0.7604209849182967, 0.7841130940033121, 0.8084884368442268, 0.83275991059998, 0.8577198850587993, 0.8825464661824765, 0.9080582186665643, 0.9334122754389397, 0.9594450528020763, 0.9852965159713162, 1.0118198232750835, 1.0381388544165104, 1.065119745727168, 1.0918776882997232, 1.1192820153279384, 1.1464489639749422, 1.1742440431216814, 1.2017874138546865, 1.2299410078055037, 1.2578278321796685, 1.2863063566069088, 1.314504390180951, 1.3432726538839568, 1.3717493295672214, 1.4007722445532977, 1.4294933516848185, 1.4587367389407737, 1.4876667767425265, 1.5170956755485563, 1.5461996396732882, 1.575777782934339, 1.6050208599768487, 1.634711582393867, 1.6640579772567252, 1.693825063611623, 1.7232379624989829, 1.7530453368460792, 1.7824877427421324, 1.812298576698629, 1.8417343651973297, 1.8715109011923985, 1.9009020332927937, 1.9306052147065367, 1.9599158092274251, 1.9895170033474976, 2.018717391973226, 2.048168419978263, 2.077183099897671, 2.1064185723192783, 2.1352638999292477, 2.1643865191342573, 2.193102664584237, 2.2218846310981544, 2.250021780322531, 2.278255167879056, 2.3063169687862293, 2.3349360032383846, 2.363152459344191, 2.3909066456271337, 2.417515969673273, 2.4442313000061717, 2.471239039050854, 2.498893460174405, 2.525829521733926, 2.552262752580509, 2.5781493765995416, 2.6042435648256337, 2.6296062821147252, 2.6545420464728795, 2.679134734536994, 2.70423310149142, 2.7288935706834945, 2.753213113233797, 2.777102187812253, 2.8011991010757793, 2.8245327815075547, 2.847337562427324, 2.869676841493608, 2.8920872397536384, 2.913698163253307, 2.9350242099554786, 2.956143811929779, 2.9772650356957393, 2.997606849217782, 3.0178802423808295, 3.037897683512546, 3.057580950921291, 3.0764861272400195, 3.095390682970123, 3.113750947226729, 3.13158751069219, 3.148882949469436, 3.166150141759187, 3.1826559622968285, 3.1988380368785663, 3.2147192719275752, 3.2303529220525853, 3.2452636629315954, 3.2601498573194636, 3.274593933146842, 3.288600721477668, 3.3021545232199174, 3.315629198707517, 3.328367819446343, 3.3408361904429063, 3.352945328671795, 3.36465134037775, 3.375723512281558, 3.3867226024915746, 3.3971072052608045, 3.40710242659594, 3.416753380485978, 3.4261296542203525, 3.434850280076977, 3.443483424230883, 3.4516401354289936, 3.459403014833535, 3.466817606693444, 3.4740357001386446, 3.4806237842091527, 3.4870919534601423, 3.493141723507791, 3.498803482238509, 3.5041057212659017, 3.5092257217362817, 3.513742806738443, 3.518123160380593, 3.52210673038116, 3.5257193436154033, 3.5289910321454263, 3.532080587235693, 3.5346108650736094, 3.5370228028070256, 3.539047049539893, 3.540736344490016, 3.542130403214163, 3.543327540685349, 3.5440218701702126, 3.5446237611700773, 3.5448202736753074, 3.5447302519616195, 3.5443879331547175, 3.5438144548612303, 3.542797422503033, 3.5416810873732967, 3.5401124958654484, 3.538320875052274, 3.5363164841488484, 3.5340735234016827, 3.5314575941798783, 3.5286510683018815, 3.52531335825227, 3.5218599827196857, 3.518280218976284, 3.514537978461598, 3.510452308161413, 3.505983051222489, 3.5009723600854725, 3.4959927020021895, 3.4909034388534494, 3.485670318087115, 3.4800978837533303, 3.474169483152245, 3.4679283367455387, 3.4616528562299607, 3.4549468957600475, 3.4480347936430515, 3.4409433398414153, 3.433761063831135, 3.426378394056337, 3.41871224209433, 3.410616221737681, 3.402479882251397, 3.3940195130620094, 3.3852779371458603, 3.3762832487009558, 3.367154133332697, 3.357840268532192, 3.3483390022499053, 3.3384242458636892, 3.328450675965953, 3.318194843180032, 3.307607785863904, 3.2967281586488184, 3.2856732262401573, 3.274359793592743, 3.262852723543153, 3.2509790282191955, 3.239061214681974, 3.2268903986953084, 3.2144143686041424, 3.2017117620165845, 3.188846249321086, 3.1756475903886536, 3.1622323136082966, 3.148488326890067, 3.134645973153472, 3.1204867459974985, 3.1060587497881875, 3.0914846431299186, 3.076733249966802, 3.0616427473056715, 3.046427019646532, 3.030947727479306, 3.0153002876577277, 2.999323888503408, 2.983155091527061, 2.9667976479408344, 2.9501560116563397, 2.9332229058559642, 2.9162021375408758, 2.898843630143212, 2.8812954481717297, 2.863512525906287, 2.8455573179139675, 2.8273390418117006, 2.8088892968037995, 2.7902496908596413, 2.771430558883012, 2.752253643553602, 2.732986899343529, 2.7134515093604326, 2.6936678480306933, 2.6736707509390025, 2.653489961768081, 2.633044985000911, 2.6123947647749928, 2.591510054636879, 2.5704921336592363, 2.549132766523403, 2.527651020228563, 2.505966826340089, 2.484030557116202, 2.461913757030829, 2.439655465072633, 2.4171243875276605, 2.394455019697355, 2.371569886123681, 2.3485721609802477, 2.325319774727735, 2.301963133746391, 2.278443053055189, 2.254684592618462, 2.2307704567497733, 2.2067815680583003, 2.1825663624237266, 2.1583066265118815, 2.133831638382319, 2.1091665146534773, 2.0842984386781853, 2.0594018049940748, 2.034465979268576, 2.0094307986390474, 1.9842319829657658, 1.9588700583653014, 1.9332822161302243, 1.9078327022833332, 1.8823675239685045, 1.8568514973525976, 1.8312503919951404, 1.8055897374470533, 1.7798825166789527, 1.7542072487566747, 1.7284757705405995, 1.702751433495289, 1.6770314130315385, 1.6515250005353923, 1.6259524672689725, 1.6003736324530438, 1.5748497053684274, 1.5493899069722872, 1.524046800857176, 1.4988567657225487, 1.4737137770060804, 1.4488698624976657, 1.4242547270538222, 1.399890657149632, 1.3756727038194776, 1.3518436622682732, 1.3283731641924699, 1.3052344778516505, 1.2825088425236157, 1.2602585306945109, 1.23849205629452, 1.2173853997577657, 1.1966887464599991, 1.1766515037791603, 1.157294323399996, 1.1385967102796126, 1.120508073266141, 1.103200231159165, 1.0866958648957692, 1.0709866922666946, 1.0560771832465083, 1.0421275824502534, 1.0290630330326493, 1.017098871450837, 1.0060199196991733, 0.9960425720883341, 0.9872571680970585, 0.9795508819953234, 0.9729570976582498, 0.9676500473378572, 0.9635339753070495, 0.9606618572977279, 0.9589788496357906, 0.9586453772291345, 0.9595143515351433, 0.9616761309952214, 0.9650106383101589, 0.9696103871625801, 0.9754302815328313, 0.982308851178283, 0.9902914037160488, 0.9994241062676159, 1.009433531623279, 1.0204321311964535, 1.0323149742531526, 1.045085576780718, 1.0586153716075442, 1.0729336829090377, 1.0879857395024621, 1.103747811535326, 1.120148393470662, 1.1371786360572824, 1.154818658210733, 1.1730224802409928, 1.1916563767615744, 1.210871782931366, 1.2304884602199377, 1.2505067719295706, 1.270944041099641, 1.2917686070065624, 1.3129346409393952, 1.3344526018317244, 1.3563004672450494, 1.3784962020068796, 1.4009671536739525, 1.4237424962799579, 1.4467586510246353, 1.4700213775806494, 1.4934352433185056, 1.5170761142119884, 1.5408839662518377, 1.5647788802880174, 1.5887710680903089, 1.6128268061685338, 1.6369105084741662, 1.661105171223017, 1.6853576699714572, 1.709655328839293, 1.733913917193803, 1.758166437116961, 1.7824184644536214, 1.806692415350219, 1.8309545019073097, 1.8551916169463294, 1.879360752804855, 1.9034477407557464, 1.9274727373216707, 1.9514212081485927, 1.9752298121862037, 1.9989800375791988, 2.0226402036777373, 2.046220247684965, 2.0696996666261045, 2.0930670120320696, 2.1163244622922277, 2.1394914589611225, 2.162566958601956, 2.1855501867282228, 2.2084217544275027, 2.231209870733751, 2.253891779872984, 2.276448228699694, 2.298845601861287, 2.321124620239833, 2.3432459792162175, 2.3652107163962195, 2.3870212619227016, 2.4086597659578475, 2.4301405088248664, 2.451468383585578, 2.472611957343175, 2.4935934618671314, 2.5144081010750114, 2.5350704397687234, 2.5555529549687757, 2.575873209561658, 2.5960352679153806, 2.616039726760964, 2.6358679645156853, 2.6555314478174, 2.675027055720983, 2.6943465342466353, 2.7134896394950774, 2.732448252711366, 2.7512104583880315, 2.7698015376029503, 2.78818489555822, 2.8063754548765543, 2.8243794196767187, 2.8421997774331214, 2.8598333071940107, 2.8772903675272588, 2.8945813751755627, 2.9117078192277677, 2.928660918769357, 2.9454508287979473, 2.962071299704384, 2.9785248972654044, 2.9948007207539353, 3.010904578784798, 3.026826609164234, 3.0425811527145337, 3.0581471134075158, 3.073526780708477, 3.0887258250940755, 3.1037221767031804, 3.1185076036248405, 3.1330830758992456, 3.14743129104508, 3.161551418274784, 3.1754326777048725, 3.1890851430482754, 3.2024994972526133, 3.215680455337817, 3.228625883202074, 3.2413427459556527, 3.2538266066518897, 3.266073694912983, 3.2780733750504667, 3.289820387016826, 3.301303812780873, 3.3125090458383397, 3.3234336995468734, 3.334076872611066, 3.344413709356411, 3.354454638409218, 3.3641913121535265, 3.373621626445792, 3.38274012322051, 3.3915407269378286, 3.400013716325637, 3.4081513081100985, 3.415948352574949, 3.4234048602813685, 3.430511527128389, 3.43725994844715, 3.443642433443029, 3.4496704582015942, 3.455350034349071, 3.4606924721702197, 3.4656998405882042, 3.4703821597038185, 3.4747318459012444, 3.4787567569860567, 3.482461370927313, 3.4858341515248377, 3.4888755205533406, 3.491588017593806, 3.4939654783704213, 3.49600748471343, 3.497702611797492, 3.4990527314604876, 3.500055497789235, 3.5007173010049857, 3.5010405248411827, 3.501033403074476, 3.5006984783457944, 3.5000421998643922, 3.499064505062317, 3.497760102948589, 3.496123200854077, 3.4941573672308928, 3.491865376168968, 3.4892443948170158, 3.4862965506599406, 3.4830316584736183, 3.479444023312647, 3.475544496452204, 3.4713323052824205, 3.46681324874089, 3.461996859251974, 3.456890138208459, 3.4514982117512067, 3.44582538992888, 3.439873863816361, 3.433645749888757, 3.4271335352667474, 3.420331151406828, 3.4132334343017505, 3.4058375362595212, 3.3981326611235407, 3.390118391027036, 3.3817927331293416, 3.373157341030992, 3.364209438542631, 3.354955218484436, 3.3453960158173426, 3.3355373290828196, 3.325387835912781, 3.314946717165571, 3.3042182797174457, 3.293209541326218, 3.2819171756430117, 3.270344639024623, 3.258490313551808, 3.2463589552584917, 3.233949391512891, 3.2212627894667736, 3.208302197548768, 3.1950735288635017, 3.181577043289625, 3.167817883865342, 3.153800777210674, 3.13952862298222, 3.1250064089779284, 3.110241074270916, 3.09523872659449, 3.080007714297982, 3.06455262679328, 3.04887628819137, 3.0329765453224895, 3.0168587105360096, 3.000513621707847, 2.983938579802115, 2.9671305670138444, 2.950082239113218, 2.932789527357061, 2.915252137686112, 2.897473986880144, 2.879462261684411, 2.8612221816528667, 2.842763772370237, 2.8240926924412766, 2.8052142635847637, 2.786133389901378, 2.76685777662318, 2.747390344879056, 2.7277384891604806, 2.7079048943301163, 2.687898696764627, 2.6677294374395313, 2.6474055435785417, 2.6269316289085682, 2.606313223660545, 2.5855544131339165, 2.5646547964613755, 2.5436185811636287, 2.522446821024395, 2.5011313402591417, 2.4796736828604184, 2.4580733822762872, 2.436337957798059, 2.414475163169604, 2.392497214572984, 2.370418656629359, 2.3482547469815422, 2.3260162750486715, 2.303713073790239, 2.2813485318098525, 2.2589250718373286, 2.236444085135271, 2.2139046348223874, 2.1913056108629423, 2.1686456377976766, 2.1459242534622365, 2.123148432711833, 2.100319086256002, 2.0774404073863653, 2.054518199952001, 2.0315649065607255, 2.0085869301634722, 1.9855967185481975, 1.9626053844297033, 1.9396177197831603, 1.9166399004132835, 1.8936730498458803, 1.8707175114764218, 1.8477808709720018, 1.8248745307368432, 1.8020180319746548, 1.7792290822642816, 1.756529308650173, 1.7339399482463387, 1.7114800530646055, 1.6891596551064934, 1.6669877359958167, 1.6449677912753642, 1.6231067705338675, 1.6014066094987682, 1.5798698527824235, 1.5584999079455875, 1.5372947128774608, 1.5162514342474889, 1.4953717416471521, 1.4746608058122146, 1.454130496157766, 1.4338005947763692, 1.4136969850011245, 1.3938441696552877, 1.3742783729016228, 1.3550264875338813, 1.336114435587391, 1.3175648611372417, 1.2993931851337124, 1.2816130374384918, 1.2642373845648387, 1.2472811821063308, 1.2307677910917993, 1.2147185482409586, 1.1991558772161353, 1.184106804719198, 1.1696033726565693, 1.1556785118368094, 1.1423648009513665, 1.1296967660772448, 1.1177103497023033, 1.1064321279620621, 1.0958940137195852, 1.086119121418089, 1.0771320997735605, 1.0689520763555223, 1.0615924452328178, 1.0550654896012683, 1.049389645288907, 1.044584236797519, 1.040668906242279, 1.0376713063029392, 1.0356211049269795, 1.0345405436275255, 1.0344502151447204, 1.035364239572313, 1.0372954731289337, 1.0402484374526209, 1.0442241796886478, 1.049217530317699, 1.0552091597884212, 1.062165726107661, 1.0700538562382989, 1.0788292231925722, 1.0884457296016568, 1.098854913897924, 1.1100056880016616, 1.1218523257484432, 1.1343532517745758, 1.1474734467171206, 1.1611802675923275, 1.1754469988237706, 1.1902569083490742, 1.2055938188379747, 1.221446016574162, 1.2377966079716287, 1.2546193285658653, 1.2718844281325754, 1.2895634002748215, 1.3076160241686403, 1.326007323908791, 1.3447117052026347, 1.3637055643444895, 1.3829739579635472, 1.4025066105349495, 1.4222897499692018, 1.4423080714943215, 1.4625441275541944, 1.482979331746795, 1.5035978163173682, 1.5243844189281384, 1.5453237526034993, 1.5664062207932061, 1.5876161341162816, 1.608940089832492, 1.6303697167893039, 1.6519028621698044, 1.6735273700120379, 1.6952200955424002, 1.7169621371316135, 1.7387451802067646, 1.760559369668123, 1.7823896533422798, 1.8042116258515926, 1.8259954409292078, 1.8477260062263277, 1.869395031501621, 1.8909911398241377, 1.9125073937273112, 1.9339439468613333, 1.955311364787503, 1.9766200070687465, 1.9978792355835, 2.0190962249122872, 2.040279101186567, 2.0614267704801605, 2.0825227836595843, 2.1035425549425493, 2.1244625530105945, 2.145271989542751, 2.1659653171020214, 2.1865377842961973, 2.206989858001618, 2.2273288007662355, 2.2475536475899096, 2.2676526562970554, 2.2876238792200843, 2.3074787405705908, 2.327221180261838, 2.346850512738923, 2.3663675673835294, 2.3857706329776303, 2.405063790750719, 2.424247281129207, 2.443321284490198, 2.462291220379177, 2.481156990419152, 2.499919445609513, 2.518581065263312, 2.537149855753691, 2.555636293802892, 2.5740488225368856, 2.5923899267849158, 2.6106646877382333, 2.6288760091476964, 2.6470159262875708, 2.6650791732440697, 2.6830591930906422, 2.7009489389668393, 2.718747113974156, 2.7364548121468846, 2.7540695534004325, 2.7715907727449034, 2.789019933935982, 2.806358656388664, 2.823611900134229, 2.8407860809415415, 2.857882183621399, 2.874902850882732, 2.891849649679407, 2.908716143359521, 2.925497431433662, 2.94218600799767, 2.958770843327339, 2.9752436260674373, 2.9915953463385208, 3.007820676557474, 3.023911683224519, 3.039862089324705, 3.055666848882768, 3.0713241004814917, 3.086831310498686, 3.1021869948370284, 3.1173887914587133, 3.1324353002003207, 3.147325076128589, 3.162053736393207, 3.1766166105769305, 3.1910108275486935, 3.2052310699743307, 3.21927075771768, 3.233124908326178, 3.246788748149917, 3.260254604604126, 3.273516449505721, 3.2865667318950793, 3.2993966153722036, 3.3120006562541517, 3.3243751841309677, 3.3365156869521666, 3.348419714844545, 3.3600806061237067, 3.3714920721221624, 3.382645409063068, 3.393529845235756, 3.404132530223748, 3.4144382534323747, 3.4244321421126735, 3.434100453980984, 3.4434283223450026, 3.4524010924277855, 3.461006198216004, 3.4692328448812453, 3.477072805944169, 3.4845187519568657, 3.491564300144868, 3.4982044443570763, 3.5044324694297617, 3.5102406547139227, 3.5156187689227, 3.520555448252511, 3.5250384854431767, 3.529055214552343, 3.5325914213337013, 3.5356328072197485, 3.5381647127040385, 3.5401731339502334, 3.5416448512074967, 3.5425682219767314, 3.542931619028025, 3.542722493299704, 3.5419277292948532, 3.540533817935208, 3.538528096119763, 3.5358983231416565, 3.532634167527116, 3.52872798108832, 3.5241747414347584, 3.518971392038517, 3.513115529754459, 3.5066050865312, 3.499436004450802, 3.4916019413125094, 3.483093983078512, 3.4739013633966933, 3.4640120846646587, 3.4534154668928476, 3.442102189532858, 3.430064146806082, 3.417295115876298, 3.4037887053637315, 3.3895387049972263, 3.3745398461803013, 3.3587880836102078, 3.342282358389058, 3.325023939645692, 3.307016057570722, 3.288262364502274, 3.268765368035169, 3.248525234730997, 3.227539794470222, 3.205804115444183, 3.1833118932190443, 3.1600573130144993, 3.136035525355679, 3.1112446120066695, 3.0856862554778406, 3.0593671170318038, 3.032298467397044, 3.004494776105074, 2.9759733984813197, 2.9467521273132067, 2.916848501267492, 2.8862782522644728, 2.855055833006076, 2.8231959925706733, 2.790715222132322, 2.757632436091969, 2.7239700538446883, 2.6897534850951126, 2.6550099817332207, 2.619767176648957, 2.584051572067135, 2.5478886776073995, 2.511303119021112, 2.4743196535153023, 2.436964005178496, 2.399262723463398, 2.3612433234142154, 2.3229333072033453, 2.2843602457916323, 2.245551962448756, 2.2065376112274713, 2.167349159322492, 2.1280226964784, 2.0885992649601257, 2.0491256581388892, 2.0096547729256162, 1.9702458783079206, 1.9309637798943202, 1.8918777673909957, 1.853059786127239, 1.8145834457273267, 1.7765226609073064, 1.7389515512086762, 1.701944011808537, 1.6655735453807254, 1.629912360487752, 1.5950312176215387, 1.560999116483286, 1.5278862253011953, 1.4957688102022444, 1.4647316118624627, 1.4348685952617544, 1.4062809273858077, 1.3790732072608207, 1.3533512641292038, 1.3292202328361622, 1.3067833877108825, 1.2861398903265664, 1.2673828159582055, 1.2505969598947142, 1.2358576131685082, 1.2232282267581178, 1.2127582151168015, 1.2044802905785823, 1.198409849787275, 1.1945473429907105, 1.1928798175092608, 1.1933832117971135, 1.1960238451710832, 1.2007591927029488, 1.2075377690804752, 1.2162980650136272, 1.2269688069387992, 1.2394693853419534, 1.2537118230669322, 1.2696022757310554, 1.2870419888706492, 1.305928819614861, 1.3261586554541085, 1.3476273506212089, 1.3702330342573295, 1.3938783524529545, 1.418471860912304, 1.4439286814676127, 1.4701699945484852, 1.4971216817873705, 1.524713198837603, 1.55287665520644, 1.5815469572267464, 1.6106619767731163, 1.640162832276025, 1.6699937068253325, 1.700101612433332, 1.730436454730799, 1.7609505000566201, 1.7915984982525848, 1.8223376497550614, 1.8531278701147502, 1.8839319532634753, 1.9147159757833196, 1.9454494340697748, 1.9761058605558195, 2.006663122731215, 2.037103482882137, 2.0674134342173027, 2.0975830391438115, 2.1276050884282345, 2.15747408256097, 2.187185506461035, 2.2167357595129604, 2.246122168133166, 2.2753430638053107, 2.3043976353844218, 2.3332849021577147, 2.3620027245538604, 2.390546223878144, 2.418906810589443, 2.447072295042452, 2.4750277186009346, 2.5027569558495553, 2.5302441851615245, 2.5574758019092125, 2.584441535811379, 2.6111346519175247, 2.637551558657269, 2.6636907191933106, 2.689550938448947, 2.7151304891356753, 2.7404265198962947, 2.7654347435987474, 2.7901495862599313, 2.8145643988666333, 2.8386716546908968, 2.862463287695331, 2.8859309027099567, 2.9090659190100006, 2.9318598945210583, 2.9543049203550664, 2.97639383323029, 2.998120161939585, 3.0194778507110938, 3.0404604666191077, 3.0610612709062055, 3.081273575515119, 3.1010909995263893, 3.1205082524669305, 3.13952073461112, 3.158123274305658, 3.1763095772746013, 3.194072450399244, 3.2114043194162285, 3.2282980909836265, 3.244746860191823, 3.2607431649029137, 3.2762790717386174, 3.2913465571940366, 3.3059384884073353, 3.3200494902805193, 3.3336759224450856, 3.346814897108289, 3.3594630397988587, 3.3716153242554117, 3.3832646151981742, 3.3944021964490676, 3.405018833305279, 3.415106098842294, 3.424657586780297, 3.4336692382818237, 3.4421385770752844, 3.45006420492008, 3.4574448800035666, 3.4642791069794714, 3.4705649007923207, 3.4762995315616503, 3.4814792476910283, 3.486099015508847, 3.490152318299637, 3.4936308586840332, 3.496524995475876, 3.4988236592603865, 3.500514701114411, 3.5015853451136403, 3.502022950123717, 3.501815846843699, 3.500954473085552, 3.499432031985035, 3.497244684591947, 3.4943919709444415, 3.49087584904755, 3.4866998599048005, 3.481868157379688, 3.4763849752009177, 3.4702543954034466, 3.463480255311853, 3.456066135722233, 3.4480148992483026, 3.43932777771185, 3.430004195551863, 3.4200414637945444, 3.409435075878109, 3.398179816018703, 3.386271102649425, 3.373705463909206, 3.360480816151799, 3.3465964973548146, 3.3320526525879854, 3.3168497348560995, 3.3009879890399665, 3.284468171145287, 3.267291962493813, 3.249461990079851, 3.2309823218391642, 3.2118572135682286, 3.19209083430546, 3.171686174023045, 3.1506450227023035, 3.1289688638924673, 3.1066595555238097, 3.0837209668433254, 3.060159782481936, 3.035985504657526, 3.011209864408624, 2.9858452984393313, 2.9599035998737055, 2.933395494146715, 2.9063309322028696, 2.878719139836233, 2.8505690360829155, 2.8218904346361366, 2.7926942807007347, 2.762993291246435, 2.7328015042114995, 2.7021331052311166, 2.671001745119809, 2.639420017054108, 2.607399380524225, 2.574950790800997, 2.5420860292931433, 2.5088180629392163, 2.475161319242509, 2.4411319799866265, 2.406749100365649, 2.372035035873994, 2.337016074292414, 2.3017218776769544, 2.2661841944683894, 2.2304336364254707, 2.194497857823725, 2.158400256053253, 2.12216036683936, 2.085796157600943, 2.04932476089242, 2.0127648393277586, 1.9761363133030938, 1.9394619719507589, 1.9027704033512673, 1.8660961867946388, 1.8294801405693641, 1.7929671471171913, 1.7566063141732104, 1.7204515250870855, 1.684562737843747, 1.6490075047714612, 1.6138603100573714, 1.5792020343938382, 1.5451198503981887, 1.511703656980828, 1.4790449465389277, 1.447233826612595, 1.4163563939392536, 1.3864932589761862, 1.3577189518451036, 1.330102953774071, 1.3037148730222574, 1.278628610689151, 1.2549239802200411, 1.232688336980871, 1.2120121411551255, 1.1929841430789736, 1.1756879266398004, 1.1601979808939427, 1.1465763696284865, 1.1348775840884198, 1.1251492815958684, 1.1174307393587084, 1.1117528063574544, 1.1081359771831654, 1.1065912009882342, 1.1071143689901435, 1.1096887551616619, 1.1142857046499932, 1.1208665249376493, 1.1293839515057968, 1.1397819966995375, 1.1519936342384707, 1.1659405937405483, 1.1815334690546488, 1.1986717647791767, 1.2172514561733778, 1.2371669322927539, 1.2583165738075703, 1.2806054743936064, 1.3039456376604184, 1.3282578377627234, 1.3534687334704774, 1.3795090405666683, 1.4063118044034277, 1.4338111732311523, 1.4619441991051556, 1.4906486063131823, 1.5198639465047434, 1.5495313626697664, 1.5795931383795478, 1.6099960340904778, 1.6406881932510966, 1.6716227070116305, 1.7027574975143045, 1.734055035551833, 1.765481965250147, 1.7970090966985943, 1.8286111034000976, 1.860267603385763, 1.89196031509387, 1.923673487632629, 1.9553957671068167, 1.9871156527413547, 2.018822459940129, 2.0505069014163917, 2.0821594604911584, 2.1137663848544417, 2.1453126462300407, 2.176780644469041, 2.2081508480542995, 2.239404073304654, 2.270519591672953, 2.3014769517924565, 2.332255579655378, 2.362837194831341, 2.393205010393628, 2.423345001978175, 2.4532464495202237, 2.48290095791904, 2.5123016445543325, 2.5414429924253357, 2.5703206607667974, 2.598930573852171, 2.627269418627088, 2.655331905117025, 2.6831104442990843, 2.7105964035551526, 2.737779220958041, 2.764649597369349, 2.7911986571218725, 2.8174163515248503, 2.843292087289632, 2.8688114652103924, 2.8939597312294914, 2.918719133208372, 2.9430713672762296, 2.9670001389739933, 2.990491608804595, 3.0135348377409237, 3.0361188846342846, 3.058235112374646, 3.0798742171870415, 3.1010251698699824, 3.1216762743858073, 3.1418158465846755, 3.161431708303019, 3.180512164009789, 3.1990446659148097, 3.217018919220764, 3.2344256082475806, 3.251257714852234, 3.2675136670848657, 3.283192063668945, 3.2982931488127867, 3.312817164578986, 3.3267628095270356, 3.3401268165876843, 3.3529072077858992, 3.365100796180003, 3.3767044354187528, 3.38771689238388, 3.3981349246561288, 3.4079552845554977, 3.417173861682127, 3.425783779021719, 3.433776286112053, 3.441141319996213, 3.4478700682255745, 3.453955350223924, 3.459391472641964, 3.464174926072973, 3.468303278160782, 3.471776188810357, 3.4745934338652855, 3.4767561979100607, 3.478266847579945, 3.4791287885457662, 3.479343174810722, 3.4789116605911454, 3.477835177015477, 3.4761097840579196, 3.473730554497275, 3.4706883448507884, 3.4669764414187823, 3.4625867629114797, 3.4575123717774736, 3.4517493828746604, 3.4452951200704693, 3.4381504253431077, 3.430319270800788, 3.4218070556644626, 3.4126185911097457, 3.4027588983725896, 3.3922328784545157, 3.3810437551671906, 3.369193029285007, 3.3566847183288724, 3.3435215839773385, 3.3297094083203813, 3.3152554910094225, 3.3001687359028105, 3.2844590497348407, 3.268133225164871, 3.2511994010859335, 3.233660668114486, 3.2155179497020465, 3.196771965511917, 3.177420650439811, 3.157463920199651, 3.136904747802051, 3.1157417923779316, 3.0939749839750452, 3.071608396973557, 3.0486442954156545, 3.025084853381956, 3.0009375903233617, 2.9762093579523867, 2.950912163951855, 2.925056672083887, 2.8986538542807088, 2.871719339080441, 2.8442676479515674, 2.8163153516398527, 2.787877954722866, 2.758972723133733, 2.7296127157686736, 2.699814155961731, 2.66959274042872, 2.6389637151697936, 2.6079411809423534, 2.5765407082908114, 2.544778791411472, 2.512665729916367, 2.480219417824124, 2.447453475424188, 2.414388136124664, 2.3810473010318556, 2.347457292350948, 2.313647087691302, 2.2796438287701815, 2.245476802078564, 2.2111737537974823, 2.176751347309245, 2.14223219230362, 2.1076394693673914, 2.0729915298066084, 2.0383072051398217, 2.003603870595844, 1.968905404834768, 1.93423266372144, 1.8996113349961405, 1.8650676832081243, 1.830630466115976, 1.7963358191380423, 1.7622155942602484, 1.7283137338868093, 1.6946848722213939, 1.6613846984020364, 1.6284724959328134, 1.5960068467922217, 1.564056879914367, 1.5326841060544119, 1.5019502893129257, 1.4719246594288578, 1.4426463886457654, 1.414164558453605, 1.3865322240322797, 1.3598006048959013, 1.3340142353023359, 1.3092359467892158, 1.2855132194278136, 1.262911407393471, 1.2414955255180429, 1.2213187422901246, 1.202459443275379, 1.1849728601465312, 1.1689211374688913, 1.1543669030665817, 1.14136808578357, 1.1299726694372525, 1.1202310494590553, 1.1121775636048803, 1.1058478107701462, 1.1012823204114026, 1.0984878957321946, 1.0974638089451378, 1.0982064185505485, 1.1007194570548706, 1.104969172424721, 1.110917438807284, 1.1185362650654458, 1.1277799380210707, 1.1385977049931884, 1.1509402542941045, 1.1647394843814984, 1.1799384726556792, 1.1964607536045475, 1.2142568422402766, 1.2332615323135296, 1.2533987074640522, 1.2746061850049681, 1.2968022330494149, 1.3199124769359996, 1.3438646311504472, 1.3685805970038085, 1.3940104354941436, 1.420107455366457, 1.4468359354771114, 1.4741712428496607, 1.5020846334026348, 1.5305498394713108, 1.5595302975068113, 1.5890117242001514, 1.6189397527596159, 1.6492671458259536, 1.6799661664354166, 1.7109948335994267, 1.7423119707531085, 1.7738641807274655, 1.805632204073509, 1.837565522159462, 1.869630562583469, 1.9017876838370413, 1.9339977296910114, 1.966231228510484, 1.9984691976859235, 2.030671335404066, 2.062813552479333, 2.094881090296997, 2.1268398994216193, 2.1586859701462715, 2.19040447325835, 2.221977953330896, 2.2533992349545118, 2.284647430764565, 2.315716658290456, 2.34659851987819, 2.377266805105889, 2.407715184788768, 2.437936774099712, 2.4679039249305403, 2.4976064830621816, 2.527039216067241, 2.5561828868854075, 2.585024132854018, 2.6135487047876373, 2.6417420415313373, 2.669596794276456, 2.69710651570737, 2.7242712557809936, 2.7510670772140773, 2.777493294403474, 2.8035349314324023, 2.8291834796665856, 2.8544372664949345, 2.879302596751548, 2.903783749117171, 2.9278676881872108, 2.9515348946517244, 2.9747918334768935, 2.997632752970364, 3.020058000764484, 3.0420509296403018, 3.0635976405832137, 3.08470131105038, 3.105328648047994, 3.125481076790154, 3.1451442756510537, 3.1643027027767094, 3.1829408383814544, 3.2010498637157356, 3.2186221985345775, 3.235635643979386, 3.252101616554716, 3.268005637750571, 3.283356627983433, 3.2981605791212605, 3.312417838232949, 3.3261213483242456, 3.3392707576404597, 3.351861507328588, 3.3638996870203868, 3.375391604804519, 3.386325724951086, 3.3966761161270833, 3.4064507677561293, 3.4156501227783878, 3.4242485835731107, 3.432241788190985, 3.4396431193022723, 3.446445967531962, 3.452662651541384, 3.4582813545219384, 3.4632991805098348, 3.467727615523769, 3.4715501993967695, 3.4747754918106324, 3.4773965713424997, 3.479409318427011, 3.480824849459072, 3.4816308676215684, 3.481814329604776, 3.481387575781525, 3.480327394660825, 3.4786131938747302, 3.4762718793626934, 3.4732898973100705, 3.469662300290118, 3.465380587299265, 3.4604611272973513, 3.454895226673428, 3.448677902646931, 3.441800384458239, 3.4342686468345662, 3.426081283000893, 3.417262600811648, 3.40780184703145, 3.3977198586883333, 3.3870188034899056, 3.375709130796368, 3.3638050701044198, 3.3512584996458017, 3.3380877273934932, 3.324286400075939, 3.3098602894133484, 3.2947833656091565, 3.2790438739949006, 3.2626771400505956, 3.245648507561728, 3.22797433319037, 3.2096590864212304, 3.1907013501350256, 3.171106165816567, 3.150868364144631, 3.1299778535937843, 3.1084346150659248, 3.0862379109361586, 3.0633735979907653, 3.0398419722259176, 3.0156527426032786, 2.990770772398911, 2.965239713232343, 2.9390805209203585, 2.91228953040756, 2.8848349615070177, 2.8567393128752943, 2.8279905514999983, 2.798620258997858, 2.768644163078331, 2.738072128643062, 2.706896528972894, 2.6751352627703917, 2.642774879861701, 2.609810297609529, 2.5763349150363073, 2.542310695107105, 2.507719305456576, 2.4725611795425095, 2.4368474110915916, 2.4006219881075594, 2.363873191165903, 2.3266033660220744, 2.288845884544829, 2.25058095034757, 2.211857532613083, 2.17271873656844, 2.133068121047924, 2.093050434186873, 2.0526947608819133, 2.011994529178883, 1.971015783030771, 1.9298337338529714, 1.8883854086808631, 1.8467701482516055, 1.8050196629732462, 1.7632505668051468, 1.7214655937058636, 1.6796668014263738, 1.6379817325531252, 1.596413569856936, 1.5550460661987648, 1.5139221637763387, 1.4731504432239972, 1.4328006909982118, 1.3929167048525466, 1.3537948177275954, 1.3153632990604485, 1.2777379694385123, 1.2411142014209746, 1.205711770447063, 1.1717500435047237, 1.1392117474758223, 1.1084354243129009, 1.0796123470691295, 1.0530089145858146, 1.0288107930449657, 1.007157668582789, 0.9885735837297593, 0.9732076885019867, 0.9612938134574003, 0.9530144615329718, 0.9485727050329658, 0.9478027128964475, 0.9509457256775233, 0.9578248717745594, 0.9684466692658813, 0.9826928159856465, 1.0004421108915549, 1.021457945953936, 1.0457600552397655, 1.072955430029377, 1.1027107965819338, 1.135044137491271, 1.1697003560521402, 1.206463472451615, 1.2451268341715638, 1.2855387489834311, 1.327490734730346, 1.370891298129189, 1.4154860632698523, 1.4609626612074746, 1.507365129590877, 1.5546190504419526, 1.602456517258705, 1.6508379881380477, 1.6996934913891224, 1.7488476357763676, 1.7983203824225855, 1.8479078444681558, 1.8976685605562422, 1.9473987709562866, 1.9971509123887985, 2.046865893041491, 2.096270349998346, 2.1454415575084176, 2.1945321596046767, 2.2432176348184267, 2.2914919464949763, 2.3393738594578974, 2.386755762884121, 2.433681448906448, 2.4801466278362505, 2.5260540985230437, 2.5713833224968825, 2.615811017823328, 2.659508835809385, 2.7024249310373145, 2.7444943405878335, 2.78572454637271, 2.8260334365373923, 2.8654329239664387, 2.9037217844673457, 2.941059705468229, 2.977371637283165, 3.0126308308823506, 3.0467213049492257, 3.079493546647192, 3.1111185993054753, 3.1415056057766786, 3.170627729187689, 3.198394352870089, 3.2248832096776803, 3.250060824412825, 3.273890559728688, 3.2962424895981544, 3.3171293211134443, 3.336497995101467, 3.3544785584310373, 3.370925768202104, 3.385916086335568, 3.3994157757014904, 3.4113343722369005, 3.4217129786748295, 3.430595093304461, 3.4379445603689542, 3.443823822243894, 3.4482161441969605, 3.451072776017776, 3.4525186049336694, 3.4525254414003412, 3.4509563056961587, 3.4479241638169897, 3.44345822917623, 3.4375572569284416, 3.430298380404729, 3.4215785865569646, 3.4113649552997547, 3.399844866493006, 3.386978755149393, 3.372723301866804, 3.357132473396507, 3.3403046232587705, 3.32211739308275, 3.3027493799218632, 3.2821818542123857, 3.260193722573049, 3.2370208216639575, 3.2128547237733653, 3.187507928898511, 3.1609882185297895, 3.1333164182225968, 3.1048023028043272, 3.074982370479826, 3.0441069882058067, 3.01231730038479, 2.979567063942763, 2.9458500805233787, 2.9115085527016933, 2.8763494986661993, 2.840504985686073, 2.803927743861517, 2.7664575205627857, 2.728615851466345, 2.6898620909814626, 2.6504750885538035, 2.610555167189317, 2.57008594904355, 2.52936070688481, 2.4879749582884987, 2.4461353351467294, 2.403964525737863, 2.3616053858925405, 2.318921174233691, 2.275999402500152, 2.2329280783443863, 2.1897196257748175, 2.146351834054405, 2.102832330041496, 2.0591183356014655, 2.015800856962251, 1.9723599371432512, 1.929015572479363, 1.8856646471270229, 1.8427074100358531, 1.8004160232709505, 1.7587342113714863, 1.7173296418100132, 1.676242791210007, 1.6357065309862708, 1.596186492866081, 1.5576654014723108, 1.5205641585336833, 1.4843086671594246, 1.4490251478212095, 1.414809518733459, 1.3817345376464114, 1.3506103174063346, 1.3216263911088673, 1.2941370464413067, 1.2685906531150084, 1.2453423356522142, 1.2242512087295703, 1.2059375307874172, 1.1900757890722855, 1.1764207758990948, 1.1653220268376516, 1.1566306175551377, 1.1508045810129552, 1.1484473632253653, 1.1481791983392733, 1.1506869473426553, 1.158220468987597, 1.1682990678391456, 1.180376281083274, 1.194573487750847, 1.2122687268650183, 1.2311586814515718, 1.2529418637530165, 1.2770894825096843, 1.30313203900596, 1.3310670027532905, 1.360573711089343, 1.391600856005381, 1.4238253189410306, 1.4574307726302065, 1.492061221986052, 1.5277540956623077, 1.564757495068901, 1.6027542758128412, 1.6407951549504818, 1.6794529345786882, 1.7191308701333112, 1.7591215918558065, 1.800256438477952, 1.841203409891027, 1.8825905948661754, 1.9248304523954722, 1.9667516532869675, 2.0090413920783363, 2.051016330792237, 2.0929495078864186, 2.135486706774056, 2.1774271795779883, 2.219353567389898, 2.2608421126765985, 2.30229015310619, 2.3437651112454136, 2.3851893900445877, 2.4262999401202743, 2.4674286337500844, 2.5084249726995025, 2.5491442844987673, 2.589236603897522, 2.6288568513661947, 2.667832520740049, 2.706865498993533, 2.745142531237682, 2.7831068576255134, 2.820685650595716, 2.8577612045637197, 2.894189914781352, 2.929849690634181, 2.964888570425485, 2.9992050785654922, 3.0328300584552736, 3.0660117327518908, 3.099016283497963, 3.1312363678177104, 3.162445217948471, 3.19303520829711, 3.2232236631298465, 3.252185758538717, 3.2801725569770195, 3.3075768905090865, 3.3340040812417997, 3.359452013564307, 3.3836786389806632, 3.4075359794500413, 3.4305924908372676, 3.452722693324241, 3.473643533527214, 3.493815278195238, 3.51279445013333, 3.5313334753795944, 3.5491310095768913, 3.5652914148238835, 3.580343582088723, 3.5943349663046846, 3.6070386066006557, 3.618936152901809, 3.6300509950130784, 3.640035560545732, 3.648739457041123, 3.6564868217861064, 3.6629111644246377, 3.6684464190147947, 3.6730390964517996, 3.676401369517503, 3.6785465456558804, 3.6796557895601123, 3.6796837072418476, 3.6785605909046284, 3.6762780241882846, 3.6727476007919586, 3.66813896046402, 3.66240283709814, 3.655577221133822, 3.6474636357381636, 3.63817641119809, 3.6279971726846867, 3.6166962535348612, 3.6045421242191544, 3.5909850838050423, 3.576046247446791, 3.559980657770977, 3.5426174201814282, 3.5240811680090744, 3.5043534822405236, 3.4834296482036433, 3.4616897991958147, 3.4386125150452185, 3.4144223908925944, 3.389049346354591, 3.3625415059393973, 3.334843688225148, 3.3060216813873238, 3.27619964626685, 3.245350694197769, 3.213357651674911, 3.1803055993934284, 3.1463746060998634, 3.1114797793632314, 3.075615499956913, 3.0388611107605117, 3.0012615571510124, 2.9628253104377733, 2.92356006691725, 2.8834986888607617, 2.8426906085065173, 2.8011874959321292, 2.7590382505131403, 2.716275142391224, 2.6730121752495797, 2.6292427853147093, 2.585043949799085, 2.540477233230401, 2.495697315328421, 2.450652197266957, 2.405447686118315, 2.360201507987046, 2.3149351983656183, 2.2698396763752693, 2.225027850935946, 2.180470546855967, 2.13626038751249, 2.092455085081584, 2.049338264577305, 2.006622898474109, 1.9646331397013426, 1.9235468136424754, 1.8837766588427114, 1.8450809534825847, 1.8083127793078944, 1.7729687479140581, 1.7389522682011966, 1.7070230210862132, 1.6766652748617397],
[7.749818007020906e-15, 0.03953472807582062, 0.1616685975508414, 0.16926671955756195, 0.19905630643862032, 0.20614209733210162, 0.22756549254728595, 0.2518778112235568, 0.28528182714688183, 0.2880027041116335, 0.3087265247298469, 0.32260904582485234, 0.3491807576468946, 0.36335203145984474, 0.3835833368508012, 0.3989661818068836, 0.41615599848025503, 0.4356823452922744, 0.45995673594489006, 0.4737431695344383, 0.4952587970969684, 0.5148683927649019, 0.5362018332922437, 0.5568899862272612, 0.5788325301796089, 0.6010602663813245, 0.6221395341704515, 0.6454007388404656, 0.6700531445635783, 0.6918502469628608, 0.7167485073010486, 0.7427026624427812, 0.7658616940852527, 0.7920223250408124, 0.8173304511749289, 0.8448821843857299, 0.8706587852672901, 0.8983397393548633, 0.9251780675418733, 0.9527393318431104, 0.980861220082449, 1.011645350148069, 1.0380933971852602, 1.068200947867212, 1.0966597047114972, 1.127893128309209, 1.1574633343236584, 1.1887340752518403, 1.217797331785888, 1.2490947438389721, 1.2795945479347648, 1.313267252062226, 1.3425625522241666, 1.3749114321936486, 1.4053635061554266, 1.43840121088843, 1.4699888173134985, 1.503029030164097, 1.5331600512437626, 1.5657746844125573, 1.5969402801387327, 1.6310219735397846, 1.6613322063350922, 1.6936422285234323, 1.7240306173679618, 1.7564682568563053, 1.7876317877649783, 1.8199202992411507, 1.8491243134112063, 1.8803735703010338, 1.9099734990027983, 1.9418510651194147, 1.9707884374304758, 2.0006658609024996, 2.0287413237284158, 2.0582304557731255, 2.0866069900003867, 2.115766019918889, 2.1420532313264875, 2.16967887051349, 2.1957512513389164, 2.2233696655537796, 2.2489015790139546, 2.274519265165543, 2.2985612506838717, 2.32343777238113, 2.347373301505207, 2.3718041441112354, 2.393805077573847, 2.416407198448324, 2.437735354486333, 2.4599754298492518, 2.4809166621511434, 2.5013507193087476, 2.520437466943334, 2.5398861270855644, 2.5585779112355365, 2.5776103236850725, 2.594850328762777, 2.6120452037277886, 2.6282107332751057, 2.6447008025256395, 2.6605008831385604, 2.675612288248147, 2.6897357999230778, 2.703890819769791, 2.717430685325707, 2.731123004681042, 2.74347325432971, 2.755323112081159, 2.766598228115586, 2.7779356723247184, 2.788969016492375, 2.7991817180661784, 2.8086258226721106, 2.8179568387476635, 2.8267768386206327, 2.835610982957157, 2.843654412794529, 2.850958771068444, 2.857943925776478, 2.864745297590241, 2.871491317292309, 2.877542361687714, 2.8829779784200373, 2.8882267293097277, 2.8931315800543387, 2.897994559133192, 2.9024715445270344, 2.906096241087664, 2.909632284601901, 2.912862610515789, 2.9161045664477037, 2.918850119301876, 2.9211385141864925, 2.923165936478651, 2.925003123891283, 2.9267922663908803, 2.928493415328635, 2.9294029558982966, 2.930340754796866, 2.9310125286537376, 2.931701477420118, 2.932094277614225, 2.932155667047205, 2.931912689944332, 2.9315919440842153, 2.931153938271862, 2.930839005741355, 2.9298139700439045, 2.928885311493741, 2.927787092574596, 2.926703771912946, 2.925550648732288, 2.9242238738639696, 2.922627690777944, 2.9210910301832804, 2.9194579167054595, 2.918038150262981, 2.916078604631993, 2.914193181303718, 2.912216043521313, 2.910179606132462, 2.908186557676272, 2.906088997867539, 2.9036719446374426, 2.901406786988471, 2.899020161853814, 2.8968741835031366, 2.894382544753777, 2.8919597348383927, 2.88955145433932, 2.8871230654008877, 2.8848530203504645, 2.8826378200239056, 2.8801572891910676, 2.8779510129207866, 2.8756854918871295, 2.8736721557068727, 2.8715455743677913, 2.8694409582396383, 2.867431741614032, 2.8654009454737586, 2.86350909221033, 2.8617356043500153, 2.8596850134802176, 2.8578730968936648, 2.8559980601435924, 2.8542478531011595, 2.8525089851503167, 2.8506953943749918, 2.8489480854236913, 2.847204200009213, 2.845548145397811, 2.8440900362731645, 2.842402228917523, 2.8409563350072435, 2.8395388093271547, 2.838213388686208, 2.8370668453796006, 2.835898902803088, 2.8348653022238315, 2.833983105353706, 2.833211408371313, 2.8327602331378268, 2.832198151136038, 2.8318793917634775, 2.8317075834211187, 2.8316079280468496, 2.8317875897175977, 2.8320052272860914, 2.832332062718316, 2.832877098847471, 2.8334661485894226, 2.8343287773127614, 2.8351228235384967, 2.8360042595507293, 2.837028555732743, 2.8380138488748927, 2.8392047207971816, 2.8404079648398017, 2.8415893211318477, 2.8429467263422037, 2.844244702228797, 2.845703078115514, 2.847132020880398, 2.8485113419515313, 2.8500247759470634, 2.8514600455417343, 2.853032883066834, 2.854663182064406, 2.856234734916001, 2.858014719821588, 2.859773546565148, 2.861687711987014, 2.8637146127648663, 2.8657164134488946, 2.8679267364557113, 2.870161685234398, 2.872535444251739, 2.875082559355149, 2.877612492595052, 2.8803974376667423, 2.88326676073414, 2.8862974330229, 2.889580940016434, 2.892892950107059, 2.8964662513791612, 2.9001708199030634, 2.903990256407687, 2.9080540827084373, 2.9121137955852183, 2.91636980002421, 2.920723227211045, 2.925134946713743, 2.9297556452749602, 2.9343536292064787, 2.9390934696893147, 2.943938934071973, 2.948779316289669, 2.9538048284455223, 2.9587753353812514, 2.9637893062584153, 2.9688637389416934, 2.9738348664458334, 2.9788929030292706, 2.983827070046923, 2.9886974407134894, 2.993562683401038, 2.9982443284757734, 3.0029519774217053, 3.0075417440605627, 3.012021111364317, 3.0165081028202994, 3.0208280522339983, 3.0251576435384284, 3.0294052110236964, 3.0335451639914117, 3.0377178561260774, 3.0417242166889347, 3.0457331279446644, 3.049682533484956, 3.053484491161235, 3.0573375664180786, 3.0610601711317167, 3.064766188639807, 3.0684472577253334, 3.0720172368369805, 3.0756665881671044, 3.0792411243190765, 3.0828596182709895, 3.086572493384797, 3.090214347244356, 3.0940126015411065, 3.0978296422769986, 3.1017008631876, 3.105734111540743, 3.109766817200683, 3.113964356044844, 3.1182230111394293, 3.1225336198331277, 3.1269950130930133, 3.1314006753982975, 3.135920277448643, 3.140488330131493, 3.1450415033348356, 3.1497480326513174, 3.1544165822547434, 3.1591473610665264, 3.163908993707995, 3.1686021296867106, 3.173385510964631, 3.1780896633827647, 3.182823006800064, 3.1876064077238264, 3.192288141970279, 3.197042648399021, 3.2016955314277, 3.2062589748812176, 3.210787856772116, 3.215115936163795, 3.2194034798378754, 3.22352695021192, 3.2274950436619148, 3.2313966067553803, 3.2350489445584496, 3.238598731288183, 3.241949499961726, 3.2450463295389844, 3.248029696472348, 3.2507287535537057, 3.253290218377952, 3.2556880388719773, 3.2578552110593004, 3.2599568084375767, 3.2618275965683865, 3.263576698684877, 3.265206016839135, 3.2665935043477243, 3.2679150623189743, 3.2690251828221366, 3.2699901973391547, 3.2708755281582778, 3.2715555764477458, 3.272211412816542, 3.27273241024394, 3.273149455982646, 3.2735508982683497, 3.2737744953987966, 3.27398398977811, 3.2740955122122544, 3.2740928865699073, 3.274113878292211, 3.274007398911989, 3.2739334851297732, 3.2738677669076828, 3.273768097668845, 3.273804012445028, 3.2738226643936135, 3.273954648005263, 3.274203715164234, 3.274469356690466, 3.2749303900436493, 3.275441343321626, 3.27608071928103, 3.2768990452970215, 3.277773488613292, 3.2788709413334587, 3.280071879486167, 3.2814159406114856, 3.2829750361436636, 3.284590779175904, 3.2864196881075136, 3.288343887153686, 3.2903279260821825, 3.2924647819474373, 3.294588757354431, 3.2968201710938936, 3.2990893206338545, 3.3013353345753904, 3.3036796205932215, 3.3059516629836443, 3.3082689543049586, 3.310604215581275, 3.3128678938927947, 3.315210571699389, 3.31747607017281, 3.3197230375224174, 3.3219642186980693, 3.32407848879743, 3.3262066970828896, 3.3282165705587112, 3.330151590808648, 3.3320545788447458, 3.3337755979726, 3.3354628681817378, 3.336998579594077, 3.3383819732858893, 3.3397016087243845, 3.340804575769111, 3.3418245418732924, 3.342681665297631, 3.3433395376158814, 3.343910406903169, 3.3442218175205247, 3.3443964870050507, 3.344391459979066, 3.344126875910976, 3.343745526283225, 3.3431013185470833, 3.342282543685372, 3.341306044391841, 3.340065569338317, 3.3387230841762237, 3.3371534516543067, 3.335432534577059, 3.3336344298668283, 3.3316505473884206, 3.3296616426910473, 3.3275674851668793, 3.3253971036141725, 3.323247676263813, 3.3209710391141387, 3.318742364832227, 3.3165030096472354, 3.3142503889890205, 3.312135660817993, 3.310024134627351, 3.3080582545291777, 3.306219092703343, 3.304455077974261, 3.30292268039697, 3.301474514377243, 3.3002423022431104, 3.299253180807303, 3.2984245267148107, 3.2979423265528207, 3.2976761574410016, 3.297683621648996, 3.298011696197264, 3.298523915232894, 3.2993692234476, 3.300422535887207, 3.3017044832733164, 3.303298758480418, 3.305057309961159, 3.307141600527472, 3.309471380654, 3.3120180940361394, 3.3148961402283135, 3.3179397623505102, 3.3212653970252655, 3.3248200146884614, 3.3285420073194905, 3.3325632982429667, 3.336732955101598, 3.341166515167372, 3.345855795562798, 3.350698518875659, 3.3558388927601888, 3.3611243788434293, 3.3665919544708283, 3.372254605971861, 3.3779723056578645, 3.3838718354869894, 3.3898260559145057, 3.3958597718898424, 3.402022787745984, 3.4081650846374067, 3.414425198280237, 3.420711561871939, 3.4270057108760232, 3.4333970019400346, 3.439720591260121, 3.446070712955329, 3.4523660744987303, 3.458551982295744, 3.464725640480703, 3.4707290563119626, 3.4766672911337793, 3.4825015810703923, 3.4881343805326335, 3.4936890376280267, 3.4990110068214615, 3.504154828700661, 3.509125008908161, 3.513800444121522, 3.518301066652341, 3.5224845224113808, 3.5263745428668094, 3.5300062397524377, 3.5332505980775077, 3.536255596092206, 3.5389372051832986, 3.541313441643931, 3.5434753543940283, 3.545291460914831, 3.5468971980708677, 3.548234796882054, 3.5492870525823466, 3.5501691410744876, 3.550755547954013, 3.551161071279109, 3.5513699055516974, 3.551325400298146, 3.5511635764993317, 3.5507634089138227, 3.5502221803357235, 3.549568612590827, 3.548730494797974, 3.547858136581868, 3.546851877228028, 3.545769052324207, 3.544669651202553, 3.5434501498134856, 3.542257352375891, 3.5410018458170907, 3.5397072918322023, 3.538465235255018, 3.5371645781036194, 3.535958644848612, 3.5347981165045237, 3.533678356693657, 3.5327186460863764, 3.5317999899417094, 3.531046616347896, 3.5304353012936343, 3.529921889262594, 3.529636257345901, 3.529451751689495, 3.529455270511544, 3.529638992573558, 3.529912019509838, 3.5303869892483233, 3.5309251037496945, 3.5315760708589554, 3.5323618680872184, 3.5331725061589583, 3.5341488089887982, 3.5351893602854285, 3.5363174386603498, 3.5375882626019983, 3.5388705527720465, 3.540279293588883, 3.5417212846333066, 3.5431772272732367, 3.5447273507116908, 3.546237103411602, 3.5478284276362864, 3.5494516897511317, 3.551067998993028, 3.552781205341901, 3.5544488454631695, 3.5561583692986733, 3.557884054879603, 3.5595475150847684, 3.5612730265238093, 3.562931476372638, 3.564598059501707, 3.5662991264796644, 3.5679516375868885, 3.569690792456366, 3.5713976611725577, 3.5731045957730663, 3.5748487894348964, 3.5765066716985414, 3.5782006098554215, 3.579836326680539, 3.581423850365543, 3.583048419557439, 3.5845890396754267, 3.5861824250303522, 3.5877779823270752, 3.5893664016516476, 3.5910601318565756, 3.5927345357121907, 3.5944958788974533, 3.596316359339162, 3.5981469228175573, 3.6001254835826257, 3.6021435733454905, 3.6043106991757616, 3.6066462427698154, 3.6090767272684117, 3.6117409043668642, 3.6145238551598373, 3.617478969094068, 3.620640048517865, 3.6238909497829757, 3.6273476789627144, 3.6309001252093904, 3.6345512923374446, 3.6383536028015455, 3.6421596314353404, 3.6460822509576567, 3.6500313051465394, 3.65396072380117, 3.657933575808126, 3.6617780180478663, 3.6655412121285784, 3.6691327733179984, 3.6724454798397783, 3.675541098994491, 3.6782482413897357, 3.6806286618636506, 3.682663547951809, 3.6842673381920124, 3.685583678201672, 3.686522012302488, 3.6871820803047415, 3.687660545501866, 3.687948391980139, 3.6882486705458253, 3.6885527897129484, 3.6889644359653273, 3.6895999528909447, 3.6903852577150036, 3.691462554650063, 3.6927472628813676, 3.694195769938124, 3.6958418244505986, 3.697516200062332, 3.6992704405386325, 3.7010293436427126, 3.702751939303387, 3.704557256289661, 3.7063865581212343, 3.708402032661731, 3.710676012879765, 3.7132085507312165, 3.7161630950589766, 3.719434631596736, 3.723054596811841, 3.726974398583619, 3.7310263072170105, 3.7352524451011075, 3.7395127895948503, 3.7438425508973583, 3.748329816819855, 3.7529457927400403, 3.757893281586497, 3.7631593814993636, 3.7687761345798125, 3.7747899784801042, 3.7810144151597265, 3.7874610681948306, 3.7939804582624146, 3.8005056056008435, 3.8071300065065845, 3.8137980854049682, 3.820690546749883, 3.8278533733857345, 3.835270841140078, 3.843027903035077, 3.850937980276457, 3.8589712851465197, 3.8670422952791776, 3.8750269972426654, 3.883051128042141, 3.8910732553462752, 3.8992167832465525, 3.9075647973032464, 3.9160173769961624, 3.924618208732254, 3.9331839241194766, 3.9416504910560715, 3.9500399775806554, 3.9582723620342817, 3.9665311363688804, 3.974819676094737, 3.9831477888173974, 3.9915518345376855, 3.9998316663825033, 4.00798131813782, 4.015908305354111, 4.023593178437083, 4.031188478374258, 4.038653933046864, 4.0460969237326205, 4.053466273739581, 4.060607304362285, 4.0675296805160865, 4.074088539850916, 4.080368332558696, 4.086477190473899, 4.092424620415144, 4.098356681641688, 4.104147788849321, 4.109739206601331, 4.115090874479341, 4.120078984032294, 4.124854399488567, 4.129437246789159, 4.133894548436841, 4.1382968750050235, 4.142475933811272, 4.146441234683142, 4.150112066639926, 4.153501040578292, 4.156777678069022, 4.159913486869492, 4.1629949888805475, 4.165936022969057, 4.168589164542932, 4.170987603132898, 4.173045206678187, 4.174894623701533, 4.176627843588778, 4.178202346276966, 4.17966033137061, 4.180818902253255, 4.181645366827828, 4.182185322577728, 4.182419178643341, 4.182507863088465, 4.182375945464937, 4.181955487901199, 4.181209041322657, 4.179999414294979, 4.178466512335101, 4.1766444410882455, 4.174578166160969, 4.1723189940747805, 4.169676121587544, 4.166657790436364, 4.163242513588283, 4.159459763974629, 4.155480277202437, 4.151208485080521, 4.146628866264166, 4.1416417121139215, 4.13616395127632, 4.13034930591085, 4.124221604559907, 4.117902290244186, 4.111391018314261, 4.104538445732851, 4.097404704473238, 4.089973542950931, 4.082371219962482, 4.074731648659694, 4.066959531285391, 4.059087736329576, 4.0510279577861805, 4.0428191779269405, 4.0346529441004035, 4.0265538824770495, 4.01864309672938, 4.01082932669413, 4.003043219380114, 3.9954122872429054, 3.987966579841211, 3.9808680327090378, 3.9741134190260445, 3.9675931264668747, 3.9613510005281807, 3.955337230804275, 3.9497146628150333, 3.944580243799208, 3.93983598632535, 3.9355136212276185, 3.9314464778635676, 3.9277220831255213, 3.9244831695946134, 3.9216936103823725, 3.9194148311588854, 3.91746343693702, 3.915782152337815, 3.914485682846332, 3.913556738008221, 3.9131022971172262, 3.912978446410854, 3.913033489633294, 3.9132980078059414, 3.913750730427499, 3.9145362690470087, 3.915602946711028, 3.9168248147300924, 3.9182166697136895, 3.9196799754911673, 3.921409056967227, 3.923416324754443, 3.9255676166534785, 3.9278375116155875, 3.930112108134062, 3.9324940195882543, 3.935107587040313, 3.93787501363769, 3.94080467463876, 3.9437568697167786, 3.9467844826782685, 3.9500353537205437, 3.9534598602363142, 3.957109658416078, 3.960847364979328, 3.9646327587804535, 3.968640667659023, 3.972864484031901, 3.9773795158029865, 3.9820475922451193, 3.986817958296358, 3.9918263693892415, 3.997074908080568, 4.002682730153415, 4.008535634586968, 4.014493782676928, 4.0207052164224075, 4.027147613587529, 4.033966188948426, 4.0411202760189076, 4.04844819751813, 4.056065335968067, 4.063981743192866, 4.072306611158555, 4.08105426000193, 4.090010257186369, 4.099229970619007, 4.108713523360945, 4.118508869567348, 4.1286629814967135, 4.138951134079609, 4.149415260061625, 4.160058826068503, 4.17092742314445, 4.182092515469104, 4.193335784504919, 4.20466010900756, 4.2160880914444645, 4.227648206747377, 4.239416484189695, 4.251207769991921, 4.262970631142885, 4.2747664236360245, 4.286579205254531, 4.2985106354318035, 4.310382765354223, 4.322147497350523, 4.333903018811471, 4.345638072803683, 4.357456977189332, 4.369184086535834, 4.380751704984655, 4.392242347530729, 4.40364316945646, 4.415061184869088, 4.426370898562133, 4.437525625095343, 4.44865228734255, 4.459772147404116, 4.47095651333638, 4.4821235984089345, 4.493188349137271, 4.504302714657101, 4.515459661506616, 4.526694183386586, 4.537943015014554, 4.5490994571790075, 4.560351837440079, 4.5716914786204, 4.583126577960517, 4.59462770859878, 4.606083555293194, 4.6176987444169235, 4.629451671454413, 4.641325984646312, 4.653287020480778, 4.665251084135998, 4.677376527823459, 4.689629373387309, 4.7019044715647995, 4.714164653923397, 4.726345291717984, 4.738568240820861, 4.750824230023673, 4.762976023408747, 4.775043771932275, 4.786991587619275, 4.7989167467912575, 4.8108124520004845, 4.822500664032924, 4.834055320310092, 4.845445589696576, 4.856729938562737, 4.867865134088148, 4.878665290782706, 4.889228964795407, 4.899549820467993, 4.909666243812955, 4.91953640979821, 4.92902473958965, 4.9382524185105865, 4.947226253713893, 4.955912425292861, 4.964252227840604, 4.972145147331046, 4.979698904842769, 4.986928718926689, 4.993734337194835, 5.000103270066612, 5.005998222513724, 5.011533725385256, 5.016734942234963, 5.021476154725536, 5.025828062682223, 5.029805668124587, 5.0335058938535315, 5.0369121992705175, 5.039875102524222, 5.042495961608437, 5.044791875957298, 5.046808993590089, 5.048516315944065, 5.0498107424870895, 5.050840436889036, 5.051618331839304, 5.05212645074495, 5.052330972988282, 5.052185885451824, 5.051841539424622, 5.051293319804757, 5.0504669165846146, 5.049386254833679, 5.04806587904359, 5.046622794448225, 5.045023722779917, 5.043169300131696, 5.041145853610996, 5.038970696328733, 5.036666576655678, 5.034167226825337, 5.0313845892396465, 5.028473781704629, 5.02543995986404, 5.022253757299, 5.018884524407774, 5.0153005062640865, 5.011666988972215, 5.007932464162484, 5.004028570512078, 4.9999901181071, 4.995821673065339, 4.991629162669763, 4.987302757877419, 4.982780896816174, 4.978166082562318, 4.973462179450471, 4.968698376530819, 4.963790796263503, 4.9587436166101035, 4.953703189548372, 4.9486132425910245, 4.94343900260841, 4.938160583118301, 4.932807817817726, 4.927482727416309, 4.922055820331895, 4.91649036502294, 4.910866911555277, 4.9052054827339315, 4.899555040914455, 4.893798618984527, 4.887968969874199, 4.882195830203744, 4.876413975820443, 4.870618212029393, 4.86476115463984, 4.858933507480027, 4.853239601126965, 4.847547639327632, 4.841891983399532, 4.836318527298072, 4.830875583863413, 4.825594414900701, 4.820352258664796, 4.815246917957768, 4.810358466869396, 4.805637737892727, 4.801070032771278, 4.796600455503305, 4.792349888368166, 4.788333729570088, 4.784416677064292, 4.780659940748963, 4.777090925125717, 4.773757165585554, 4.77063014203966, 4.767613285555369, 4.764848546720833, 4.762358391968334, 4.76009372917283, 4.75804363165751, 4.756173070844572, 4.754609876566671, 4.753272125488182, 4.752048519317526, 4.751029029488847, 4.750213425599669, 4.74962309192891, 4.749167455519493, 4.748817948963949, 4.748723512595435, 4.748806891840445, 4.749030416895369, 4.749384069303616, 4.7498817265597015, 4.7506085531962094, 4.7514126344325565, 4.7522745779844575, 4.753285937371943, 4.7544129962675274, 4.755638554347267, 4.7568653152360305, 4.758164873513274, 4.7596194056261405, 4.761104624830613, 4.762644538594628, 4.764267032566413, 4.7660070176897635, 4.767857749531899, 4.7696906053896235, 4.771604972596876, 4.773650191112464, 4.775755857666873, 4.777927237140744, 4.780142044599341, 4.782521190982348, 4.785036852429528, 4.787575739917964, 4.790255624900447, 4.7930904302740025, 4.7960747227294345, 4.799166397945327, 4.802340105984464, 4.80573693830098, 4.809281871861552, 4.81291545841489, 4.816701035146192, 4.820647700842465, 4.824806672914321, 4.829069068880736, 4.833449686192107, 4.83808194489535, 4.842885985298634, 4.847850750688417, 4.8529781232208515, 4.858325636737037, 4.863939706680572, 4.869678209812195, 4.875597820636681, 4.881758423164731, 4.888088597051682, 4.894561802355992, 4.901112224185994, 4.90781481404516, 4.914641226712675, 4.921442935064452, 4.928283604768096, 4.935166812107308, 4.942079727862884, 4.948981644274459, 4.955839489142049, 4.962796182287594, 4.9697926779886386, 4.976752504321649, 4.983736294398504, 4.9907324907759305, 4.997754601392299, 5.004692638996139, 5.01154013467157, 5.018398975847967, 5.025162819654636, 5.03181753183265, 5.038393655805751, 5.044913069677115, 5.051386231422102, 5.0576848668532595, 5.063887311686605, 5.070047492912372, 5.076055166552791, 5.081910316061926, 5.087597381813747, 5.093178930883433, 5.098620804847562, 5.103822959319949, 5.108907720620393, 5.113862748488196, 5.118631977859249, 5.123218138286204, 5.12762743435291, 5.131956342168768, 5.136112633903089, 5.140078512042947, 5.143986358448107, 5.147796424408739, 5.15149440538666, 5.155060579124592, 5.158556117503571, 5.162051623610976, 5.165434338302809, 5.168773121573837, 5.172157342137323, 5.175544513279532, 5.178942219663964, 5.182323508986806, 5.185780186691281, 5.1892987836751185, 5.192770583451993, 5.196315050112873, 5.19995698689413, 5.203669527222688, 5.207443984792126, 5.211287839881016, 5.215320792842002, 5.21945566876574, 5.223650354010812, 5.2280058549404185, 5.232467893293959, 5.237006446917127, 5.241568230522124, 5.246188319977919, 5.250904300426263, 5.255564514234523, 5.2602098574772995, 5.264898569053693, 5.269575643591898, 5.2742417909110975, 5.27886654866789, 5.283545934949466, 5.288241646311408, 5.292835817718583, 5.297420473263429, 5.301969252026425, 5.306414819419773, 5.3107238565071, 5.314881801832125, 5.318952391231324, 5.322792575023919, 5.326359360088264, 5.329738007480061, 5.332845503384107, 5.3356515891506096, 5.338128531890071, 5.340323387093646, 5.342246962745527, 5.343758969327572, 5.344940189671314, 5.345828561052799, 5.346334410707094, 5.3464655204405, 5.34621741946348, 5.345660074695837, 5.3447323316900635, 5.343379189569537, 5.341740399641405, 5.339776518469567, 5.337438343496669, 5.334769483086145, 5.331797113896679, 5.32856538209403, 5.324973214478459, 5.321077187662149, 5.316984717802391, 5.31258774892172, 5.307908975678527, 5.30300580714453, 5.297916574619568, 5.292632783612325, 5.287089986637739, 5.281437250000917, 5.275682545059762, 5.269739584358592, 5.263714854643243, 5.257652915178006, 5.251583923123323, 5.245470678154223, 5.239350142358228, 5.233365055608291, 5.227417513491608, 5.221520629845186, 5.215797245090639, 5.210245274637436, 5.204886086701662, 5.199711412099239, 5.19485127221582, 5.190368750924694, 5.186173089463679, 5.1824027883201245, 5.179119015770111, 5.176292577190205, 5.173937703716025, 5.172068346587852, 5.1707789468453615, 5.169977871650226, 5.169638861554872, 5.169897999227779, 5.170677160408925, 5.171938789070521, 5.173688749860645, 5.175938489825125, 5.178673837834885, 5.181766512312107, 5.185292127552896, 5.1892609397369265, 5.193525281539802, 5.198095322499805, 5.202952995871741, 5.208064619886226, 5.213343825488047, 5.218732846252627, 5.22431893180175, 5.2299858589119665, 5.235680128480816, 5.241487348595558, 5.247369722729633, 5.25331247437631, 5.2593011055911845, 5.265407330674797, 5.271667615604781, 5.277970558888602, 5.28440093309983, 5.290991584557294, 5.297652434711868, 5.304397638602353, 5.311214308628738, 5.318106188243532, 5.324971062381894, 5.331743123152892, 5.3384997563787175, 5.345115251735469, 5.35152679375454, 5.3577847820889755, 5.3638563595174675, 5.369735276466903, 5.375391544187936, 5.380931257612686, 5.386412950170401, 5.391753131260166, 5.397076119321606, 5.402417295300415, 5.40770506538113, 5.412926958948716, 5.418055920832326, 5.4231005062746025, 5.427921242052704, 5.432464222509471, 5.436829947575294, 5.440916007419472, 5.4447271841131935, 5.448360672763885, 5.451863580801872, 5.455279633682183, 5.458594126419324, 5.461947380068377, 5.465362437188648, 5.468726063625027, 5.472128869715079, 5.475560888102351, 5.478953796293897, 5.482282487482965, 5.485552623022048, 5.488847296754228, 5.4920887850235, 5.495339536016559, 5.498760757446679, 5.50230171301723, 5.505999874466508, 5.5098994484342345, 5.513997979176593, 5.518252389206221, 5.5225779635753405, 5.5270653176814335, 5.531675688472034, 5.536337913337915, 5.541183368129476, 5.546221016730006, 5.551459501006599, 5.556913526558114, 5.562596219796593, 5.568514041102289, 5.574523707737545, 5.580642189976863, 5.586885752026451, 5.593126900097774, 5.599418940865446, 5.605815918517262, 5.612349344330296, 5.619032371697739, 5.625876093389018, 5.632968406051688, 5.640192185655455, 5.647477914601698, 5.654894203900728, 5.662347313249667, 5.669803899736651, 5.677311216511334, 5.684939535225691, 5.6927188400581725, 5.700597726134821, 5.708676122382515, 5.716916465078726, 5.725152910119226, 5.7334021229383065, 5.741631776795857, 5.749794467512849, 5.7578719736914845, 5.765912675977463, 5.773997288024749, 5.782026895748553, 5.790012192507988, 5.797996235939469, 5.805834240003814, 5.813490286111453, 5.82097721336253, 5.828316469309996, 5.835508398511068, 5.842551059291641, 5.849548956385868, 5.856425581146586, 5.863087508113709, 5.8695757223191425, 5.875793329412232, 5.881683075360938, 5.88726883215236, 5.892600909485526, 5.897704327395374, 5.902532768805176, 5.907162588563549, 5.911572755923212, 5.9156258897726115, 5.919370258319173, 5.922802019965534, 5.925883789890682, 5.928647507794255, 5.931147033285567, 5.9334222941383015, 5.935360835890669, 5.936964025803428, 5.938276995698884, 5.939174551718384, 5.9396903883375085, 5.939932988787433, 5.939933883156131, 5.939712103263321, 5.939272958372256, 5.938670972164491, 5.937811313790541, 5.936631882344683, 5.935261530725527, 5.933691405757482, 5.931945140499742, 5.930126451381759, 5.928256830578755, 5.926307368788851, 5.924197935150202, 5.921955154341241, 5.919571265859357, 5.916980014015807, 5.914331812065832, 5.911667671188761, 5.908938254718924, 5.906173298143684, 5.90335403789919, 5.900465107904416, 5.897471985990752, 5.894464345171638, 5.891554822495448, 5.888675892227324, 5.885900210737339, 5.8832634239661425, 5.88065286516553, 5.878066828736441, 5.875547245695783, 5.873159634106709, 5.870900444950426, 5.868797850296347, 5.8669529030986505, 5.8652387958627585, 5.863618878806413, 5.862189092326214, 5.860922731201189, 5.859865234984683, 5.859075065690166, 5.858588281898179, 5.858343969744624, 5.858244315382456, 5.858372253424969, 5.858681218186451, 5.859142821572783, 5.859895622800223, 5.860908420727395, 5.862136397768663, 5.863546727529689, 5.865125986940241, 5.866875421648041, 5.868751155092537, 5.870886176714706, 5.873290828885421, 5.875844492022098, 5.878596567525814, 5.881480392710237, 5.884428602826426, 5.887473420939069, 5.890644098195058, 5.893974434451996, 5.897357739137407, 5.900805609573107, 5.904311430534988, 5.907736659160663, 5.911187242797186, 5.914736546376476, 5.918359894821313, 5.922074319552885, 5.925840651061304, 5.9296525579417825, 5.933439320150172, 5.937248444227714, 5.941205264372085, 5.945218827494942, 5.949314058469425, 5.953502291761203, 5.95766771791657, 5.961830056883937, 5.966026752008459, 5.970321567793902, 5.974694388196725, 5.979109275610304, 5.983610667312784, 5.988054980368759, 5.992444652314741, 5.996897960423918, 6.001360604669675, 6.005844532552234, 6.010340455936096, 6.014800299438177, 6.019169733426207, 6.023425375984627, 6.027703636333291, 6.031962058727298, 6.03615201025544, 6.040348803581923, 6.044438747472707, 6.048391602492112, 6.052286564886612, 6.056163326439356, 6.060020386202269, 6.063780029668769, 6.067469811169661, 6.071028126602657, 6.074385597985286, 6.0777038960399885, 6.080981234915686, 6.084180278777816, 6.087340268038411, 6.090413283974236, 6.093407019712672, 6.096334674030196, 6.099297873232172, 6.102315959490339, 6.105270298330961, 6.108219879144137, 6.111123115442911, 6.113932585192908, 6.116781260089862, 6.1196785887090135, 6.122590955010635, 6.125464263637691, 6.1282833100452185, 6.131072297206902, 6.1337733419803175, 6.136501505396351, 6.139272678252918, 6.141950633869492, 6.144579058142023, 6.147142963473124, 6.1496450254099955, 6.152153714130118, 6.1546749485108565, 6.157190489050371, 6.159589645278868, 6.161894075478858, 6.164153947155923, 6.1663047774580795, 6.168445239128358, 6.170549323833453, 6.1724958262015805, 6.174319778831984, 6.176051117850429, 6.177734452934843, 6.179359771170864, 6.180938560160422, 6.1824758641745285, 6.183863514498722, 6.185195315307333, 6.18655997981862, 6.187890673155914, 6.189225246212155, 6.1905314193124115, 6.19175088042686, 6.192893912011075, 6.194016330419712, 6.1951765189512615, 6.196269004698964, 6.197302374033794, 6.198309476183853, 6.1992079350621605, 6.2000980088960755, 6.2010265935149285, 6.201923575082892, 6.202773315516243, 6.203572910662688, 6.204389409677576, 6.205230953248442, 6.206153030097029, 6.207172818037599, 6.208131220168529, 6.2090637289070925, 6.210050201216215, 6.211057812372381, 6.21214055237753, 6.213311856088, 6.2145238084094645, 6.215768403146871, 6.217125137411503, 6.218678025533978, 6.220356880815546, 6.222179823142417, 6.224169592044452, 6.226242572864968, 6.228476478076615, 6.230945457334238, 6.233602037369101, 6.236399033610492, 6.239335742956404, 6.242453379399127, 6.245744061719347, 6.249284235144367, 6.253109284908138, 6.257081526199088, 6.261237291118937, 6.265646016552575, 6.270273063076999, 6.275143674232408, 6.280233376085592, 6.285463884367652, 6.290786892844074, 6.296265134600135, 6.301943672963825, 6.307709339175747, 6.31355926738431, 6.319481560844213, 6.325363982040746, 6.33127916163869, 6.337260440382732, 6.343234027454488, 6.349129525213851, 6.354942395920305, 6.360715612040157, 6.366404613505499, 6.372050284350834, 6.377631457042606, 6.382992986648327, 6.388192666147636, 6.393280606990584, 6.398218473469028, 6.403005972254072, 6.407623262892176, 6.412022285202101, 6.4162162585954645, 6.420273319261035, 6.424222178628977, 6.42794035872602, 6.431451712099101, 6.434777903224163, 6.437880916420064, 6.440877045395398, 6.443746119341347, 6.446435746219927, 6.448958830169056, 6.451379776589684, 6.453778021801189, 6.456117671913805, 6.458446745733097, 6.460742009171924, 6.4629327835257415, 6.465170098478171, 6.467486383196955, 6.469791034764097, 6.4721316570106335, 6.474480822604072, 6.476868322493539, 6.479328195487307, 6.48190649694152, 6.484559841506448, 6.487214107778239, 6.489976830895746, 6.492899868030614, 6.495933676870462, 6.4991621947761535, 6.502521175349261, 6.505997469775579, 6.509681907340747, 6.513609686183974, 6.517764504194964, 6.522086891669028, 6.5266159952538665, 6.531376011335711, 6.536337750913574, 6.541593139140036, 6.547049055186681, 6.552643037389306, 6.55849033930533, 6.5645893124816395, 6.570966722397459, 6.577643292888964, 6.584583933253787, 6.591813712516619, 6.5993452837737, 6.6072583625373795, 6.61548125141291, 6.623944559150752, 6.632733203393847, 6.641814726864227, 6.6511905320188385, 6.660915843999819, 6.6708576801249215, 6.680988346545833, 6.691339922503532, 6.701930388814521, 6.712703260154844, 6.723600000952358, 6.734623801306319, 6.745719810276375, 6.756909188358322, 6.768264616817461, 6.779657975269481, 6.791063963827527, 6.802516403428198, 6.813985688093611, 6.82545802547225, 6.836892942138133, 6.848240183947053, 6.859450604574944, 6.870578562925845, 6.881655260219168, 6.892569379710791, 6.903323499207083, 6.913943744631578, 6.924399053978746, 6.9347636822006455, 6.9450255572018245, 6.9551054085157835, 6.964985878567381, 6.974693748667552, 6.984225522757646, 6.993480134593653, 7.002462889478541, 7.011139621053912, 7.019455002999033, 7.027510140017499, 7.035256691197124, 7.0425836421964085, 7.049539876440516, 7.0561307712113335, 7.062367438377097, 7.068223675700854, 7.073699111036434, 7.078767010850628, 7.083403400398766, 7.087721077574967, 7.091675016817119, 7.0951801744275755, 7.098326183493781, 7.101105125699777, 7.10353694479511, 7.105678916028343, 7.107461463660639, 7.108897642635643, 7.1100191493671385, 7.110897123642406, 7.111503497289721, 7.111786984470706, 7.111827694641075, 7.111587915281334, 7.111092780010182, 7.110389929598019, 7.109365244530949, 7.108044026669423, 7.1065014909756785, 7.104730863147197, 7.102737193636501, 7.100517038122278, 7.098105366434357, 7.095511638550822, 7.092783284546367, 7.089944812198633, 7.086889987601799, 7.08369184833079, 7.080437646476246, 7.077078403861356, 7.0736605025849, 7.0701676053172795, 7.066588148641383, 7.0629761319300695, 7.059342195737952, 7.05566554076247, 7.051866793860885, 7.048024096980492, 7.044166653567679, 7.040238085186663, 7.036281902420164, 7.032248162272373, 7.028127754908601, 7.024028998625709, 7.019903170280167, 7.015701158470734, 7.0114464474110445, 7.007177371565608, 7.002919536092678, 6.99865207723576, 6.994407878210024, 6.990142455685409, 6.985878010654586, 6.981742162427747, 6.97761095399311, 6.973449754840268, 6.969334581290657, 6.965240916253479, 6.961208687384287, 6.957216974548216, 6.95322793913311, 6.949239762335275, 6.945309370465106, 6.941484555050741, 6.93763035965641, 6.933739126090514, 6.929901973936607, 6.926096156186011, 6.922393061943449, 6.918788033906743, 6.915187177698718, 6.911683925244057, 6.90831513470147, 6.905028071669747, 6.901760199010071, 6.898489589945123, 6.8952769774845475, 6.89211750214527, 6.889066059944669, 6.8860663878343065, 6.883048897807523, 6.880143087188411, 6.8773211793029505, 6.874501671255413, 6.871702170190335, 6.868884105230013, 6.866097981892503, 6.863398827043674, 6.860801282533504, 6.858257664077248, 6.855791141513341, 6.853456328100566, 6.8511826372696385, 6.848901448918649, 6.84665496401266, 6.844366571006034, 6.842093742147659, 6.83989142741241, 6.8377085307911445, 6.835587008015239, 6.833552287923038, 6.831548703683521, 6.829547472072744, 6.827567026930689, 6.825666248900893, 6.823793595007619, 6.822031792030673, 6.82039276035855, 6.818857194020705, 6.817539625707185, 6.8163992215912215, 6.815301102004435, 6.814298826490094, 6.813444878306484, 6.81278630200998, 6.812335416006656, 6.81212418206833, 6.8121734515209225, 6.812564345249278, 6.813386433229639, 6.814524311864504, 6.815866584717314, 6.817539888566846, 6.819570522489476, 6.822028515482246, 6.824941406873558, 6.828229415775388, 6.831958938450202, 6.836197694526628, 6.840885101055354, 6.84589236170378, 6.8511707146696645, 6.856800925051611, 6.862780880536404, 6.869157736636499, 6.875882975123779, 6.882825140824919, 6.890050347867276, 6.897508644103515, 6.905046682487041, 6.912630993226906, 6.9202313688914945, 6.927810357698321, 6.935416805283043, 6.943059498566542, 6.9507114680424325, 6.9582640332862, 6.965766162981345, 6.973074236659059, 6.98019323638866, 6.987176713720832, 6.994040497515222, 7.000741358567296, 7.007446659501868, 7.014099393539441, 7.020780397486605, 7.02737566798387, 7.0338374780666655, 7.0401046496791295, 7.04628725628566, 7.052412772145226, 7.058428745392639, 7.064283842127565, 7.070133456645333, 7.075900579352841, 7.08166180519341, 7.08724462807565, 7.092635524266343, 7.097921290998732, 7.103310236626823, 7.108762740802161, 7.114341586210922, 7.120017485411481, 7.125926689075023, 7.132009673175897, 7.1383046446137115, 7.144658539909321, 7.151126739974784, 7.157778467421053, 7.164632991900738, 7.171631854125672, 7.178854367918776, 7.186141007800267, 7.19356174009029, 7.201017071041852, 7.208543469753565, 7.216100687840044, 7.22382003921712, 7.231660161736628, 7.23968218979325, 7.247950150330337, 7.256542497235826, 7.265279106287259, 7.274226566875606, 7.28327416267263, 7.292462061595686, 7.301784892760363, 7.311190219207321, 7.320548189097034, 7.329968852294797, 7.339413252154241, 7.34884682056877, 7.358177465021783, 7.367465281605345, 7.3767074279886105, 7.385922229545832, 7.3951021033830875, 7.404148625830623, 7.413072556614857, 7.421917192727993, 7.430536589816522, 7.438928408514223, 7.447128895727246, 7.455122631113691, 7.46294096311295, 7.470548086245452, 7.4779188517273765, 7.48508594988452, 7.492106148883249, 7.498924492043667, 7.505451988764242, 7.5117526957028575, 7.5178035003704515, 7.523501786277498, 7.528857996454124, 7.533815687471681, 7.5383998342494545, 7.542741993062315, 7.54681973316198, 7.550700899637348, 7.554418370919726, 7.558016639893743, 7.561417458061774, 7.564623016120876, 7.5676049653115935, 7.5703630738657575, 7.572844014838717, 7.575125713040893, 7.577198537221751, 7.579205122213507, 7.581096712623543])
[Finished in 490.356s]
