[Command: python -u /Users/kawaisk/Documents/GitHub/Zakharov/Zakharov_DVDMandGlassey.py]
L= 20 Emax= 0.18
N= 1 dt= 1.026806084463841 dx= 1.0
31

Glassey実行時間: 0.009921500000928063
初期値に対するノルムの最大誤差: 9.992007221626409e-16
初期値に対するノルムの最大誤差比: 1.5593598907772552e-15
初期値に対するエネルギーの最大誤差: 0.012350244971540247
初期値に対するエネルギーの最大誤差比: 0.016599344472607126
各要素の最大誤差: 0.13198129553854093 0.019659430939285807
各要素の最大誤差比: 0.16487786965467016 0.01727249126073222

t: 8.0 , 0.026116146740297084 0.010087122461213125 , 0.03263163466896239 0.008859420728152649
t: 16.0 , 0.05709017590005672 0.012124690901443406 , 0.07134800015279998 0.010644918108525967
t: 24.0 , 0.09278606301375292 0.008420117317435522 , 0.1159317774788897 0.007395617956839286
t: 32.0 , 0.13198129553854093 0.019659430939285807 , 0.16487786965467016 0.01727249126073222

(1.4332936667312683,
[0.0, 0.003256902340843184, 0.0066692627048191705, 0.010290162024727599, 0.01411511046646929, 0.018086912571698435, 0.022117403261111702, 0.026116146740297084, 0.030017333412746556, 0.03379876791301105, 0.03748826480417894, 0.04115494806337288, 0.04488724668781048, 0.048764448362431496, 0.05283204772371765, 0.05709017590005672, 0.061498481439625774, 0.06599362841828621, 0.07051153152445384, 0.075006333990893, 0.07946076822429889, 0.08388632627469993, 0.08831492244947718, 0.09278606301375292, 0.09733455211594032, 0.10198272589650169, 0.10673885538989673, 0.11160075126478348, 0.11656161823937207, 0.12161489806775172, 0.12675606599901176, 0.13198129553854093],
 [0.0, 0.0036719233477992743, 0.0069812418831192696, 0.009615793123126284, 0.011333170623974794, 0.011984016906624725, 0.011537225312231586, 0.010087122461213125, 0.00787168137746995, 0.00536975323464213, 0.003786948551496469, 0.004818279658906903, 0.007190046315839087, 0.009464860377742306, 0.01116224725423412, 0.012124690901443406, 0.012362467580274598, 0.012006581950221857, 0.01126787382457088, 0.010390100594127332, 0.009587818744701361, 0.008982318362453471, 0.008591048237547506, 0.008420117317435522, 0.008577425996180525, 0.009264365735083156, 0.010616434994537875, 0.012544638650423177, 0.014760904768529572, 0.016903533591755636, 0.01862677662124171, 0.019659430939285807])


DVDM実行時間: 0.07701620899752015
初期値に対するノルムの最大誤差: 1.1188432857967001e-07
初期値に対するノルムの最大誤差比: 1.7460749429410685e-07
初期値に対するエネルギーの最大誤差: 3.664235947997696e-08
初期値に対するエネルギーの最大誤差比: 4.923576020511482e-08
各要素の最大誤差: 0.102069651849695 0.01527945065361399
各要素の最大誤差比: 0.12751069524436662 0.013424304024790067

t: 8.0 , 0.024557360448970365 0.009196889452793403 , 0.030683960485194894 0.008077537807824659
t: 16.0 , 0.050132225753532385 0.010504261760776595 , 0.06265235645770148 0.009222256232583726
t: 24.0 , 0.07632835763659718 0.0019068206168511284 , 0.09536865651410922 0.0016748123883326828
t: 32.0 , 0.102069651849695 0.01527945065361399 , 0.12751069524436662 0.013424304024790067

(1.4332936667312683, [0.0, 0.003225293238165037, 0.006540136126475667, 0.009998426657495571, 0.013597818003147223, 0.01728304037903764, 0.020966559209412382, 0.024557360448970365, 0.02798869932972046, 0.031238094994855387, 0.034334481250625944, 0.037349597042461366, 0.0403751013079414, 0.04349239023713907, 0.04674616352376271, 0.050132225753532385, 0.05360349929570498, 0.05708991152022687, 0.060523081007760854, 0.06385678409661102, 0.06707739943561697, 0.07020275955210262, 0.07327158958117488, 0.07632835763659718, 0.07940942181769531, 0.08253511331655117, 0.0857094489430312, 0.08892583154444016, 0.09217480922633807, 0.09544979521656773, 0.0987484044615307, 0.102069651849695],
 [0.0, 0.0035570698734662914, 0.006753579826140031, 0.009272993433277109, 0.010869811840153839, 0.011395353658955868, 0.010812243904515474, 0.009196889452793403, 0.006729710150269874, 0.0036796611159421485, 0.0005878642284180947, 0.0030419243972325265, 0.005958993578659945, 0.008276565058102939, 0.009813779816860144, 0.010504261760776595, 0.010389117823491178, 0.009604996161816431, 0.008363920554740535, 0.006913194891043219, 0.005474327739251495, 0.004172098336985077, 0.002989950829082291, 0.0019068206168511284, 0.0016529800858407129, 0.003172733823666292, 0.005519310845518788, 0.008158472062040676, 0.010755813357812293, 0.01299224686555693, 0.014576093793023673, 0.01527945065361399])
[Finished in 1.115s]
