[Command: python -u /Users/kawaisk/Documents/GitHub/Zakharov/Zakharov_DVDMandGlassey.py]
L= 20 Emax= 0.18
N= 10 dt= 0.10009744848546877 dx= 0.1
318

Glassey実行時間: 1.7633869580022292
初期値に対するノルムの最大誤差: 1.0913492332065289e-13
初期値に対するノルムの最大誤差比: 1.7031727484258036e-13
初期値に対するエネルギーの最大誤差: 0.000711279075162885
初期値に対するエネルギーの最大誤差比: 0.000955077805867237
各要素の最大誤差: 0.022696074714747307 0.016154639524158906
各要素の最大誤差比: 0.028352969157775368 0.014193381025119708

t: 8.0 , 0.010868219853565788 0.00734760310990196 , 0.013579639103552432 0.006453325463117445
t: 16.0 , 0.015314368503235655 0.011079194051271274 , 0.019139001374763206 0.009727030199563284
t: 24.0 , 0.019879168514132513 0.0017020051924918813 , 0.024838592601703725 0.0014948605228521073
t: 32.0 , 0.022696074714747307 0.015607164949139166 , 0.028352969157775368 0.013712355368190512

(0.14149027950110593, [2.964108962743722e-16, 1.5508391613565785e-05, 2.5140893826205016e-05, 4.071597995761253e-05, 6.240943118548238e-05, 9.063452836005357e-05, 0.00012535487788118224, 0.00016648375527015594, 0.00021393934790364915, 0.0002676810877221415, 0.00032756855726277155, 0.00039360949250051217, 0.0004656153409521204, 0.0005436157130080564, 0.0006273914864672274, 0.0007169733061816688, 0.0008121255233742297, 0.0009128664656694456, 0.0010189546527406682, 0.0011303866469488555, 0.001246922960863356, 0.0013685327841400797, 0.0014949836941925525, 0.0016262143382074206, 0.001762002667474475, 0.0019022557460949263, 0.0020467634482201082, 0.002195401833693858, 0.002347972830851526, 0.002504323266977565, 0.0026642663515728834, 0.0028276226911221948, 0.00299421553082226, 0.003163843805695815, 0.0033363387953672845, 0.0035114793424585746, 0.0036890978876067686, 0.0038689579763290577, 0.00405090238195261, 0.004234700657470808, 0.004420199521739675, 0.0046071359686293625, 0.004795313877536154, 0.004984474725335415, 0.005174487312533954, 0.005365146941028618, 0.005556270979304101, 0.005747581884285587, 0.005938901269748074, 0.006130027476213988, 0.006320766362172526, 0.006510864824038265, 0.00670014378114109, 0.006888425887339965, 0.007075501519563636, 0.00726115864946084, 0.007445228933849154, 0.007627544685224543, 0.007807882519778718, 0.00798608276804935, 0.008161977096357142, 0.008335393669777104, 0.008506131242915466, 0.008674075792762366, 0.008839039408247686, 0.00900087229494702, 0.009159424987589107, 0.00931458409042989, 0.009466168437341261, 0.00961408778103548, 0.009758211048013278, 0.00989841928174452, 0.01003460112271722, 0.010166684792493084, 0.010294546599387772, 0.010418124624896531, 0.010537352102726582, 0.010652143221990444, 0.010762445097436577, 0.010868219853565788, 0.01096942126200397, 0.011066038634305903, 0.011158072536914577, 0.011245467779014714, 0.011328232289753893, 0.011406370282203373, 0.011479924557374836, 0.01154894614594043, 0.011613485159973106, 0.011673549886408365, 0.011729243916129603, 0.011780632204889023, 0.011827804200399576, 0.011870844393039499, 0.011909865320835617, 0.011944994020110752, 0.011976390617764123, 0.012004161719845325, 0.012028483642825324, 0.012049540850735292, 0.01206749780242035, 0.012082541950992603, 0.012094875330114541, 0.012104711958055698, 0.012112274524875098, 0.01211777607232131, 0.012121460662363987, 0.012123600557995853, 0.012124415896841425, 0.012124190359836185, 0.012123199273468947, 0.012121716452903051, 0.012120016490274324, 0.012118397774213786, 0.012117141848766926, 0.012116549342112997, 0.01211689075980712, 0.012118487349266073, 0.012121610633927131, 0.012126531956928283, 0.012133539376988939, 0.012142902528981165, 0.012154879480289314, 0.01216974785159396, 0.012187738734819722, 0.012209067365098303, 0.012233936994807309, 0.012262552443936018, 0.012295111161624999, 0.01233176638817469, 0.012372672020400235, 0.012417939256864949, 0.01246766763455295, 0.012521950534963674, 0.012580838839118116, 0.012644350406809517, 0.012712515638407921, 0.012785320756942593, 0.01286274074453491, 0.012944715522585805, 0.013031178109803023, 0.013122035902394932, 0.013217177862141636, 0.013316471488873206, 0.01341976650593835, 0.013526902740078645, 0.013637709680757962, 0.013751987072643506, 0.013869539892200435, 0.013990162061010454, 0.014113630137125162, 0.014239720463766547, 0.014368201412429248, 0.01449883821675678, 0.014631389966525651, 0.014765613784811777, 0.014901266417282578, 0.01503810487404606, 0.015175886041324473, 0.015314368503235655, 0.01545331382477553, 0.015592485726577099, 0.015731654098305445, 0.015870591548951082, 0.01600907723933829, 0.01614689677199453, 0.016283840687897424, 0.016419707491775945, 0.016554304199282208, 0.01668744166155174, 0.016818940527134636, 0.016948627261755646, 0.01707634264528723, 0.01720193240486163, 0.01732524817977344, 0.017446153281172123, 0.017564522817552983, 0.017680242234467593, 0.01779319359664144, 0.017903283453730764, 0.018010416787544257, 0.018114510539965073, 0.01821549816311314, 0.01831331014655374, 0.018407888036059368, 0.018499198641227666, 0.01858719855933979, 0.018671862595488434, 0.018753165662982893, 0.018831107518948464, 0.018905681380103324, 0.01897688910039445, 0.019044745646318324, 0.019109276144076873, 0.019170506636505893, 0.019228469454201202, 0.019283215053876812, 0.0193347933819608, 0.019383263220006955, 0.019428692099329424, 0.019471135892753684, 0.019510680823831617, 0.01954741383996415, 0.019581406205705712, 0.0196127715491022, 0.019641593040145015, 0.01966796100064794, 0.01969197082410096, 0.01971374344335786, 0.01973339134502744, 0.01975102308715048, 0.019766749643027548, 0.019780688116575938, 0.019792949204909992, 0.01980365757459702, 0.01981292879568456, 0.019820880261739126, 0.019827623856761643, 0.019833292855970377, 0.019837998955262188, 0.019841860821374974, 0.019844982022541216, 0.019847466005283834, 0.019849448582007205, 0.01985100679087091, 0.019852242575421064, 0.019853269295885614, 0.019854176359045024, 0.019855054718902705, 0.01985599583409051, 0.01985707706639846, 0.01985838180791406, 0.019859981882417176, 0.019861949280563822, 0.0198643302680676, 0.01986719755008607, 0.019870597599237823, 0.019874576186148598, 0.019879168514132513, 0.019884430020774686, 0.01989038988959983, 0.01989706342065628, 0.019904471610059857, 0.019912630125620046, 0.019921565899493548, 0.019931275613879893, 0.019941770269307296, 0.0199530566958803, 0.019965099072501657, 0.01997790165548183, 0.01999146757490938, 0.020005779207497496, 0.020020838955657334, 0.020036613017936845, 0.020053090601229954, 0.02007025830548223, 0.020088102439704558, 0.02010658466651924, 0.020125695336603973, 0.02014541753344132, 0.020165731682797373, 0.020186621221738577, 0.020208071498618065, 0.020230059577886296, 0.020252568492057078, 0.02027559518733101, 0.020299124861115722, 0.02032313836748362, 0.02034763972213401, 0.020372630920960446, 0.020398115190579536, 0.020424083069730727, 0.020450549727552243, 0.02047753377741618, 0.02050503020765918, 0.020533068504236106, 0.020561653974035577, 0.020590813664177397, 0.02062057227772632, 0.020650949323890444, 0.020681980915259163, 0.02071370792397967, 0.020746158772019758, 0.020779371464420632, 0.020813381419431586, 0.02084822796871663, 0.02088396119242723, 0.020920629243374404, 0.020958267490267805, 0.02099692256923383, 0.021036636661006386, 0.021077451417518166, 0.021119411902343063, 0.021162570147597305, 0.021206964858691894, 0.021252629882671042, 0.02129961014882826, 0.02134794028648975, 0.021397653322759985, 0.021448772294443218, 0.021501327647734908, 0.02155534181254443, 0.021610833439798586, 0.021667818894608896, 0.021726305314097433, 0.021786299417630446, 0.021847802316772923, 0.02191080701282339, 0.021975304710447754, 0.022041278058820925, 0.022108706368285116, 0.022177563280326117, 0.022247815668597782, 0.02231942481347203, 0.02239234635666118, 0.022466530509615733, 0.022541921359892615, 0.022618457785294924, 0.022696074714747307],
[4.807406715958911e-17, 0.0003562243673691814, 0.0007120339754858093, 0.0010670206713829897, 0.0014209202871093834, 0.0017733671256666486, 0.0021240103116033685, 0.0024725146020226608, 0.0028185346483812477, 0.003161739909785708, 0.003501789307079156, 0.003838349405630241, 0.004171099217297972, 0.004499711506142236, 0.0048238710625424465, 0.00514325944235059, 0.0054575657210680795, 0.005766486819280088, 0.00606972650419535, 0.006366992540223105, 0.006657997283072329, 0.006942455173096295, 0.0072200988636736034, 0.007490661159104773, 0.00775388545249224, 0.008009517885213339, 0.008257313394896547, 0.008497037062480105, 0.00872846473086399, 0.008951378948723812, 0.009165568873726267, 0.009370830401762509, 0.009566974069767838, 0.009753819758895556, 0.00993119517479927, 0.01009893825564881, 0.010256892491100766, 0.010404916995843326, 0.010542879283081192, 0.010670659717403953, 0.01078814451437208, 0.0108952315397639, 0.01099182968219024, 0.011077864041564986, 0.011153264579661792, 0.011217973808786015, 0.011271938942002957, 0.011315124927629188, 0.011347506737430908, 0.011369071858641257, 0.011379815527877464, 0.011379743979138893, 0.011368874318878005, 0.011347239076143096, 0.011314880519903408, 0.01127185043465553, 0.011218207936157309, 0.011154023609625266, 0.011079383867588305, 0.010994382189011057, 0.010899122526388897, 0.010793713735560354, 0.010678278940114413, 0.010552950911855506, 0.010417876328915941, 0.010273206972295773, 0.010119104161412758, 0.009955735151769682, 0.009783286627293789, 0.009601948950797887, 0.00941192407916541, 0.009213416397081366, 0.009006641739151477, 0.008791824255363683, 0.00856920082638362, 0.008339011231327029, 0.008101500369864102, 0.00785691859598544, 0.007605529208943098, 0.00734760310990196, 0.007083416599045996, 0.006813250266240583, 0.006537388566849702, 0.0062561359506137565, 0.005969804891742494, 0.005678722760645539, 0.0053832213027510765, 0.005083649533986779, 0.004780377690741522, 0.004473815991102488, 0.004164396348156054, 0.0038526018278712817, 0.003538966561460891, 0.003224137313257053, 0.002908906025836017, 0.0025943059008798736, 0.0022817457296016876, 0.0019733266883241443, 0.0016724307115348772, 0.0013850221549329335, 0.0011224393469091655, 0.0009071827909063798, 0.0007797052862784436, 0.0007837554013827702, 0.000916904348009384, 0.0011336441074300417, 0.0013944995975033463, 0.0016778886205381293, 0.001972988222508514, 0.0022740973002026176, 0.0025779816827670604, 0.0028826386267597, 0.0031867392996163773, 0.0034893329636288264, 0.0037897127328251324, 0.004087300689514581, 0.004381616873550498, 0.004672235800675551, 0.004958792030885618, 0.005240964068584279, 0.005518463042165767, 0.005791019498247198, 0.006058379377248189, 0.006320300025285943, 0.006576560775202105, 0.006826955652855645, 0.007071293568440087, 0.007309394342293288, 0.007541086173230728, 0.007766211633497753, 0.007984621304100189, 0.008196179661290354, 0.00840076025342466, 0.008598245962422726, 0.00878852945118226, 0.008971512700372513, 0.009147104716164872, 0.009315227351297277, 0.009475809768216555, 0.009628792392500925, 0.00977412238529361, 0.009911756843526208, 0.010041664256990001, 0.010163822262041192, 0.010278216938699762, 0.010384843213682169, 0.010483703939110793, 0.010574812972546538, 0.010658191591819716, 0.010733869917229766, 0.010801885808161344, 0.010862284514806076, 0.01091512081068719, 0.0109604558375608, 0.010998356777326438, 0.011028898100305785, 0.01105216134742134, 0.01106823540379905, 0.011077213592006484, 0.011079194051271274, 0.011074281513832145, 0.01106258607652568, 0.011044222673352392, 0.011019310232517105, 0.010987972244102206, 0.010950338555815174, 0.010906541552113187, 0.010856717446130636, 0.010801005375287834, 0.010739548337488348, 0.010672492592821017, 0.010599983625218584, 0.010522168471899422, 0.010439197118829104, 0.010351220173979549, 0.010258385967697797, 0.010160840672132871, 0.010058730629886305, 0.0099522023817896, 0.009841397461657032, 0.00972645579349086, 0.00960751383189167, 0.009484707002293891, 0.009358167839474194, 0.009228027480951891, 0.009094414036407516, 0.008957454495313388, 0.008817270537042565, 0.00867398595529109, 0.008527720469238172, 0.00837859252171004, 0.008226713144159787, 0.008072190462089218, 0.00791513067888665, 0.007755634388873635, 0.0075937947353889555, 0.007429697622131616, 0.007263423711251106, 0.007095049666488556, 0.006924645345583166, 0.006752278302044617, 0.006578007910207073, 0.006401885127851612, 0.006223962818101608, 0.0060442857918614045, 0.005862896483444175, 0.005679824359706015, 0.00549509598849979, 0.005308732001951792, 0.0051207508974442095, 0.004931163445639731, 0.004739981319053182, 0.00454721344973908, 0.004352881411874277, 0.00415701649232155, 0.003959670173118469, 0.0037609050308188576, 0.003560805534290538, 0.0033594845658342803, 0.003157103590203574, 0.0029538689011873436, 0.0027500585337021433, 0.0025460571020885624, 0.002342398317990494, 0.0021398671704399505, 0.0019395905430652845, 0.001743229970026109, 0.0015532643388357903, 0.0013735129549868293, 0.0012099056745856693, 0.0010714603185100133, 0.0009707933877713478, 0.0009223228246929412, 0.0009361470334468912, 0.0010115740698277169, 0.0011380276237493109, 0.0013021432194440879, 0.001492742531519926, 0.0017020051924918813, 0.001924778442208313, 0.0021576914308985003, 0.0023984843426583667, 0.002645599040815956, 0.002897933833643875, 0.003154689204056126, 0.0034152692969488564, 0.0036792048961601085, 0.0039461079896041095, 0.004215651358671082, 0.004487548067668983, 0.004761533949185582, 0.005037364518799802, 0.005314800211965588, 0.005593613232233788, 0.005873574407651646, 0.006154461241697122, 0.006436049360477099, 0.006718119051769431, 0.0070004455345782915, 0.007282811238859026, 0.007564991666517138, 0.007846758135278062, 0.008127877952412713, 0.008408115515644249, 0.00868723217501433, 0.008964987389230591, 0.009241135898210778, 0.009515428510909989, 0.009787613581697803, 0.010057442077941056, 0.010324662804803604, 0.010589021970391075, 0.010850262819552087, 0.011108124106018606, 0.011362347130982572, 0.011612671202516366, 0.011858835923943996, 0.012100577583900197, 0.012337634958830583, 0.012569750543144903, 0.012796669389585912, 0.013018137778768308, 0.013233904944753018, 0.013443721271960142, 0.013647343440119218, 0.013844532659596754, 0.014035053843261563, 0.01421867758689916, 0.014395182023806989, 0.014564352122309174, 0.014725981176902879, 0.014879868694428417, 0.015025820170913631, 0.015163647320916077, 0.015293170257359741, 0.015414216699728919, 0.01552662010129109, 0.01563022371061723, 0.01572487935963148, 0.015810448611935504, 0.015886802584169177, 0.01595382229473741, 0.01601139872991923, 0.016059434860816957, 0.016097844904815133, 0.016126554802980378, 0.016145502381107703, 0.016154639524158906, 0.016153930136152548, 0.016143350705108545, 0.016122891134508155, 0.016092554314564435, 0.016052357891183193, 0.016002335236543274, 0.01594253469873368, 0.015873022642590214, 0.01579388443674985, 0.015705224100615117, 0.015607164949139166])


DVDM実行時間: 6.829455749997578
初期値に対するノルムの最大誤差: 2.090429718215603e-09
初期値に対するノルムの最大誤差比: 3.2623497779014584e-09
初期値に対するエネルギーの最大誤差: 3.0902175263136655e-09
初期値に対するエネルギーの最大誤差比: 4.1494175476577764e-09
各要素の最大誤差: 0.022408400016770805 0.016112536216104176
各要素の最大誤差比: 0.027993592836463726 0.01415638928087527

t: 8.0 , 0.010848361861901199 0.00733199943595759 , 0.013554826911329618 0.00643962091418125
t: 16.0 , 0.015261003754578208 0.01105475385636879 , 0.01907230923543647 0.009705572816219376
t: 24.0 , 0.019748734024525323 0.0016149377683575199 , 0.024675617518200566 0.0014183897484155608
t: 32.0 , 0.022408400016770805 0.015561720198134319 , 0.027993592836463726 0.013672427900426307

(0.14149027950110593,
[2.964108962743722e-16, 1.5250414089372117e-05, 2.4685981278306443e-05, 4.013395261179139e-05, 6.170018214939132e-05, 8.98103065661804e-05, 0.0001244174519325647, 0.00016543352710726632, 0.00021277433203764726, 0.0002663988356102261, 0.00032616465093281686, 0.0003920804615067163, 0.0004639556650209703, 0.0005418214955822413, 0.0006254565273008055, 0.0007148935080458871, 0.0008098942921949508, 0.0009104795591501293, 0.0010164054195462688, 0.001127670686705954, 0.0012440335623721964, 0.0013654654872638163, 0.0014917320356685067, 0.0016227736782423495, 0.001758366702801781, 0.0018984198063909407, 0.002042721598172817, 0.002191149238384746, 0.002343503879131434, 0.0024996330866610245, 0.0026593497306925474, 0.002822474675741859, 0.002988831330548742, 0.003158218571440983, 0.0033304681340131127, 0.0035053581498333624, 0.0036827218502272206, 0.0038623222478019214, 0.004044003390613148, 0.004227533853830692, 0.0044127618767184395, 0.004599423164946106, 0.004787322151367655, 0.004976198955923301, 0.0051659245917262285, 0.0053562938887061675, 0.005547125108683753, 0.0057381389974574875, 0.005929158790575098, 0.006119983046033031, 0.006310417818185843, 0.00650020851557416, 0.006689177392719855, 0.006877147520736423, 0.007063908653164249, 0.00724924830986096, 0.007432999406584294, 0.007614994531751123, 0.0077950087953828, 0.007972883881546983, 0.008148451846938957, 0.008321540621937362, 0.008491948199893214, 0.008659562902840487, 0.008824195239596738, 0.008985695810543454, 0.009143915663867045, 0.0092987421453133, 0.009449992093556066, 0.009597577663774792, 0.009741367061137192, 0.00988124071872524, 0.010017087566678028, 0.010148836910462405, 0.01027636314823502, 0.010399605979290214, 0.010518498826597486, 0.010632954734805545, 0.010742921628422183, 0.010848361861901199, 0.010949228071950165, 0.0110455108536023, 0.011137211408640438, 0.01122427245861527, 0.011306703508417153, 0.011384508033303093, 0.01145772888837207, 0.01152641788131087, 0.011590624711582403, 0.011650355543524856, 0.011705716700525145, 0.011756771423256518, 0.011803609249980434, 0.011846314462760708, 0.01188499908300302, 0.011919790283814164, 0.01195084918972472, 0.011978279368118709, 0.012002258938250424, 0.012022972405972802, 0.012040582503636455, 0.012055277260738602, 0.012067258352887623, 0.012076739496714249, 0.012083943655888723, 0.012089082205052521, 0.012092400070747173, 0.012094170565586307, 0.012094610736868567, 0.012094006378067035, 0.012092632480335907, 0.012090762025136804, 0.012088669930868707, 0.012086654993466256, 0.012084998407343214, 0.012084001608159417, 0.012083933501226149, 0.012085118187433875, 0.012087825545451764, 0.012092326687830626, 0.012098911511789746, 0.012107848613472475, 0.012119395922696098, 0.012133833052067243, 0.012151389921496803, 0.012172282158675354, 0.012196712883621052, 0.012224887479481871, 0.012257004114217571, 0.012293214846770461, 0.012333675133680815, 0.012378495186930464, 0.012427774441588312, 0.012481607787445823, 0.01254004489383525, 0.012603102966182247, 0.012670813794127413, 0.012743162189176743, 0.012820123653749559, 0.01290163728247832, 0.01298763629928619, 0.01307802749450248, 0.013172699423289583, 0.013271519447695094, 0.01337433645614665, 0.013480990223992732, 0.013591310328083918, 0.01370509493800989, 0.013822149481257378, 0.013942267384174582, 0.014065224316447727, 0.014190796601682596, 0.014318751994561419, 0.01444885556657279, 0.014580865944044459, 0.014714539867584267, 0.014849633825693277, 0.014985904478077162, 0.01512310837034901, 0.015261003754578208, 0.015399351946746279, 0.015537916302515529, 0.015676466770969528, 0.01581477552822489, 0.015952621540944654, 0.016089790500837378, 0.01622607254895895, 0.016361266235363638, 0.01649517853949655, 0.016627619965370467, 0.016758411308437506, 0.016887378738665016, 0.01701436340852638, 0.01713921064517942, 0.017261771879080557, 0.01738191049829973, 0.017499501904743225, 0.017614431794329186, 0.017726581160398637, 0.017835857996982733, 0.01794216657209205, 0.0180454238187529, 0.01814556464084502, 0.01824251831222606, 0.018336226829399532, 0.01842665839694675, 0.0185137684450682, 0.018597532728387975, 0.01867792555797118, 0.018754948133776896, 0.018828593051721163, 0.018898862126291577, 0.018965771140881223, 0.019029345489191586, 0.01908961109630392, 0.019146600043280653, 0.019200364037793228, 0.019250952303260165, 0.019298424094495014, 0.019342847945036167, 0.019384277432113767, 0.019422801502841487, 0.019458506659728415, 0.019491462107783294, 0.01952178539167031, 0.019549557141313397, 0.01957486794454904, 0.01959781314125104, 0.019618514848169784, 0.01963708533153054, 0.019653632377378796, 0.01966826778953951, 0.019681108688470835, 0.01969226533039065, 0.019701863365413214, 0.019710018091037146, 0.01971684693914072, 0.01972246103851154, 0.01972699575801731, 0.019730560703064157, 0.019733276264887658, 0.019735244460742082, 0.019736567934287002, 0.0197373869796279, 0.01973777265299767, 0.01973782909354397, 0.019737671324533062, 0.01973738571503287, 0.019737064557885948, 0.019736799042436474, 0.01973666577456347, 0.019736748399926, 0.01973711843799894, 0.01973784804173567, 0.01973898095104863, 0.01974059234022852, 0.019742726637505294, 0.019745429296257312, 0.019748734024525323, 0.019752698273926665, 0.01975734939348226, 0.019762701405317305, 0.019768775920071438, 0.019775586750274583, 0.019783162795570623, 0.019791496858315924, 0.019800601658478637, 0.01981048505295354, 0.019821105108742593, 0.01983247049532279, 0.019844582725924022, 0.019857421806521603, 0.019870993074402047, 0.019885258451162572, 0.01990020868240459, 0.019915830107197337, 0.01993210882387414, 0.01994900353754123, 0.019966506656763798, 0.019984600264133196, 0.02000326338031049, 0.02002247987305904, 0.020042234730888366, 0.02006250390097073, 0.020083269646444676, 0.020104530574044068, 0.020126270136031004, 0.020148467902362646, 0.02017112975570258, 0.020194256675062614, 0.020217852802879938, 0.020241905987884837, 0.020266434349675833, 0.020291456842116362, 0.020316965193361694, 0.02034299364218735, 0.020369544010367596, 0.02039664597743949, 0.02042432485316368, 0.020452598593931535, 0.02048150590984096, 0.02051108838051711, 0.02054137384601365, 0.02057240220044903, 0.020604209410084028, 0.020636835001958877, 0.020670331306686912, 0.020704747361526818, 0.02074011815739462, 0.02077649290805216, 0.020813914299290276, 0.020852424802742655, 0.020892070552727838, 0.02093290609355507, 0.02097497002906034, 0.021018296901640487, 0.021062934299264195, 0.021108917005011284, 0.021156279742136005, 0.021205045642618083, 0.021255247460896663, 0.021306908169262968, 0.02136004732345883, 0.021414682934291877, 0.021470822150055555, 0.02152847331141947, 0.021587638142360525, 0.021648309983555648, 0.02171048120191544, 0.02177413455854528, 0.021839250083193873, 0.021905801828641342, 0.02197375684294956, 0.022043076611747935, 0.02211371682615539, 0.02218562779380836, 0.022258753416522843, 0.022333032512485123, 0.022408400016770805],
[4.807406715958911e-17, 0.0003565196699261522, 0.0007118115383013882, 0.0010664076185629237, 0.0014198841235699955, 0.001771928656250414, 0.0021221580953145946, 0.002470263174327223, 0.002815876791590032, 0.003158676979980065, 0.0034983208871482417, 0.003834492514951228, 0.004166845562552029, 0.004495065210479158, 0.004818831525471852, 0.005137839638795764, 0.005451764866568335, 0.005760308675237798, 0.006063174623830735, 0.006360077069180105, 0.0066507164093588785, 0.006934816764233844, 0.007212108492516805, 0.007482331082338153, 0.007745213922691568, 0.008000508975304861, 0.008247977164223428, 0.008487387937220875, 0.00871850346685629, 0.008941108031029064, 0.00915499684886069, 0.009359973501075586, 0.00955583617735758, 0.009742404794450097, 0.009919511912251535, 0.01008699914174671, 0.010244704289491768, 0.010392486015329697, 0.010530216152575732, 0.010657775797747427, 0.010775043755884006, 0.01088192092848758, 0.010978323150199807, 0.011064174327497301, 0.011139395489500058, 0.011203929408049294, 0.01125773354989008, 0.011300773796905587, 0.011333014573213163, 0.011354442006529, 0.01136505821806483, 0.011364873907003754, 0.01135389812875437, 0.011332161969406136, 0.011299712040742855, 0.011256602794593092, 0.011202886368634963, 0.011138636347835127, 0.011063941743725336, 0.010978897849998077, 0.010883597029729677, 0.010778152888460199, 0.01066269430570307, 0.010537356155169835, 0.010402270064043425, 0.010257589247967203, 0.010103482044100633, 0.009940122867153638, 0.009767681456855776, 0.00958634846737976, 0.00939632963922347, 0.009197836258584726, 0.008991072612687157, 0.008776263330232447, 0.008553647098471067, 0.008323465418846454, 0.008085950377617982, 0.007841355624903469, 0.007589948881609753, 0.00733199943595759, 0.007067765009003368, 0.0067975259045519746, 0.006521578320733589, 0.0062402226275840795, 0.005953748307677512, 0.005662473275882618, 0.005366737055531625, 0.005066888428967501, 0.004763270318602672, 0.004456270240614676, 0.004146315919586811, 0.0038338687181730773, 0.0035194150960218503, 0.003203550428237595, 0.0028870119985561675, 0.0025707336177782786, 0.002255947313365189, 0.0019445375128962017, 0.0016395846219823293, 0.0013465672373799203, 0.0010761668008729644, 0.0008510041966638622, 0.0007155316128329905, 0.0007218323914217308, 0.0008659247514631928, 0.0010936551397294596, 0.001362621892526298, 0.0016516346879371254, 0.001950598039608945, 0.0022544369298255966, 0.002560331596728537, 0.002866529251442766, 0.003171799624422118, 0.003475266215400037, 0.003776267993095718, 0.004074289818307477, 0.004368893246821538, 0.004659707915331308, 0.004946385820879531, 0.005228603810415178, 0.005506067180966741, 0.0057785339184558224, 0.006045769413607784, 0.006307533329367944, 0.0065635914038533315, 0.006813754792336427, 0.007057848178098984, 0.007295689191666353, 0.0075270926856742856, 0.0077519107745166035, 0.007970011258313349, 0.008181257068154292, 0.008385507719384035, 0.008582654910393419, 0.008772602123406225, 0.008955247935987235, 0.009130492602043348, 0.009298266483186586, 0.009458505067457991, 0.009611141014136662, 0.009756116809775223, 0.009893401140330927, 0.010022960931147, 0.010144768106042529, 0.010258810393408795, 0.01036508912405708, 0.010463601599557728, 0.01055436238729519, 0.010637397038854754, 0.010712733940430517, 0.010780407098193476, 0.010840470655142667, 0.01089297490824122, 0.010937976256518067, 0.010975546451398444, 0.011005763136428311, 0.011028698905527585, 0.011044446042338063, 0.011053099693240042, 0.01105475385636879, 0.011049513198874612, 0.011037492922547834, 0.011018799482215411, 0.010993555168092629, 0.010961887781457435, 0.01092392196416558, 0.010879790150774308, 0.010829635031483984, 0.01077359062372887, 0.01071180399165784, 0.010644421345947449, 0.01057158502910278, 0.010493446273992823, 0.010410158880780888, 0.010321862584900292, 0.010228711101067463, 0.010130852256605923, 0.010028427709302607, 0.009921582818667164, 0.009810458674027939, 0.00969519062844067, 0.00957592287522737, 0.009452780769680228, 0.009325896659401695, 0.00919540783138528, 0.009061438827117473, 0.008924114007957389, 0.008783564364372215, 0.008639908711916404, 0.008493275508655168, 0.008343776391673817, 0.008191523411223917, 0.008036635190447776, 0.007879212894833093, 0.007719348373446904, 0.00755714077675847, 0.007392670902932678, 0.007226025735324077, 0.007057271699718372, 0.0068864755748421, 0.0067137149323140966, 0.006539047295746498, 0.0063625217563634704, 0.00618419665548485, 0.006004109614767265, 0.005822302325402396, 0.005638780607697504, 0.005453549776932493, 0.005266619462018099, 0.005077974557236934, 0.004887604719942358, 0.00469552001835478, 0.004501738592411323, 0.004306304147872491, 0.0041092229395585066, 0.003910531420833927, 0.0037102692011720204, 0.0035084670099658965, 0.0033051861651608415, 0.0031005274277276394, 0.002894657259164578, 0.0026877846811321736, 0.002480115867247649, 0.0022720142103010346, 0.0020640016160423775, 0.0018569223796149861, 0.001652067278702399, 0.0014514958383239826, 0.0012586272431556783, 0.0010791144997821208, 0.0009226244003844072, 0.0008050296754289229, 0.0007474046486491166, 0.0007658148208689225, 0.0008572424213635165, 0.0010037093223608043, 0.001186591356919572, 0.0013929562869189678, 0.0016149377683575199, 0.0018478443914311392, 0.0020888882849183317, 0.00233628874123267, 0.0025888169395966378, 0.002845638928057971, 0.003106124097340383, 0.0033698443753691245, 0.0036364332529133536, 0.0039056075740022947, 0.004177111671211468, 0.004450702169262772, 0.004726162606617715, 0.005003270667368371, 0.005281810130754665, 0.005561565541166906, 0.005842329223911858, 0.006123916882007799, 0.006406116875719383, 0.006688726012229345, 0.006971522330576346, 0.00725429342018754, 0.00753680995144496, 0.007818836497554776, 0.008100149517780897, 0.008380523882236458, 0.008659732514204174, 0.008937536239804715, 0.00921369486494673, 0.00948796782971102, 0.009760097789905846, 0.010029838590461613, 0.010296936533740383, 0.01056114662564248, 0.01082221021773954, 0.01107987352451518, 0.011333877543121868, 0.011583955661546302, 0.01182984765737385, 0.012071294708991001, 0.012308040001127469, 0.012539823429437647, 0.012766391340453933, 0.01298749401662872, 0.013202871214494743, 0.013412275659821095, 0.0136154658827086, 0.013812211460998572, 0.014002273576985648, 0.014185430521254372, 0.014361466501476454, 0.014530164848533271, 0.014691316245361064, 0.014844724046646662, 0.01499019987500877, 0.015127553319310974, 0.015256606375490662, 0.015377188159177754, 0.015489129114066955, 0.015592273686897673, 0.015686473691087596, 0.01577159315149162, 0.01584749980644237, 0.015914082167572882, 0.015971229565093288, 0.01601884654724989, 0.016056852068193416, 0.016085175636774567, 0.016103753603481152, 0.016112536216104176, 0.016111487430160318, 0.01610057508381786, 0.016079786835138603, 0.01604912590904623, 0.016008607290522378, 0.015958267270231672, 0.01589816065674903, 0.015828358888048743, 0.015748944869800413, 0.01566002743047936, 0.015561720198134319])
[Finished in 11.545s]
