[Command: python -u /Users/kawaisk/Documents/GitHub/Zakharov/Zakharov_DVDMandGlassey.py]
L= 20 Emax= 1.3
N= 20 dt= 0.050048724242734384 dx= 0.05
636

Glassey実行時間: 8.710652708999987
初期値に対するノルムの最大誤差: 6.056044554725304e-12
初期値に対するノルムの最大誤差比: 1.622059132330924e-12
初期値に対するエネルギーの最大誤差: 17.7587608960926
初期値に対するエネルギーの最大誤差比: 3.271126716938521
各要素の最大誤差: 3.664771315425343 7.441880625991799
各要素の最大誤差比: 2.0907922382588118 0.11710838454679211

t: 8.0 , 3.2908601783339466 3.4562833895884286 , 1.945732597154471 0.057675872292312164
t: 16.0 , 1.2539141498279478 4.887351822012678 , 0.741388865741483 0.08155571674486238
t: 24.0 , 1.7230491036717366 5.894163670912724 , 1.018757479208462 0.09835750933923337
t: 32.0 , 2.7795777623769995 7.441880625991799 , 1.4444221634156285 0.06620323804311018

(0.07074513975055297,
[2.6000575297326633e-15, 0.12430923855927914, 0.1508876268637438, 0.19641044512212913, 0.23276564599244187, 0.278063018453605, 0.3228180158429674, 0.3729176195520389, 0.4253208035612288, 0.4814426828416303, 0.5409989354320556, 0.6031318430672947, 0.6691687874361499, 0.7369916132451879, 0.8086771678805855, 0.8816471358166238, 0.9582005653175037, 1.0355870131768532, 1.1162273147067991, 1.1972699869423002, 1.2811477768786212, 1.365054036970253, 1.4512884220040152, 1.5371891025406181, 1.6249020601362365, 1.7118825537467914, 1.8001476632836135, 1.8872852796903792, 1.9751426336665512, 2.0614885480548932, 2.1479898823995867, 2.2325711655159783, 2.3167639315985835, 2.398632960629719, 2.479573345170744, 2.5578136122147517, 2.634613441579846, 2.7083581196748265, 2.7802087880403525, 2.848689597112139, 2.9148829606470157, 2.9774611554088524, 3.037431871351201, 3.093614281476549, 3.146953020534039, 3.196395828170058, 3.2428691729317674, 3.28546228726458, 3.3250268303421713, 3.360681349823167, 3.393224428695749, 3.4220502009422855, 3.4481075876002723, 3.4707169729225034, 3.4903551838154847, 3.506254814972335, 3.5193383798834006, 3.529549865592224, 3.5375896798711652, 3.542439431443478, 3.544436707393586, 3.5436719097696865, 3.5411828572796953, 3.5361573597538314, 3.528555511686797, 3.518174006253621, 3.505901395151677, 3.4911962509256096, 3.474273425250294, 3.4551682091822817, 3.4345334431183603, 3.4116765562684845, 3.386889364704043, 3.360109324994911, 3.331440580487173, 3.3002629171194084, 3.2671209484283263, 3.231791627518344, 3.1942514009524405, 3.1543561356397043, 3.112687025949496, 3.068756252370738, 3.022799167821416, 2.9748770310261192, 2.9251086677965774, 2.873134614434621, 2.819436558555814, 2.763712266750115, 2.706029782074866, 2.6464096822223007, 2.585048701621286, 2.521582786439298, 2.456500874250869, 2.3896262284431535, 2.321082062637226, 2.2509844605595806, 2.1795983038830404, 2.1066742558414884, 2.032763011865147, 1.9578559970818357, 1.8822477319019748, 1.8061355730083832, 1.729740410595391, 1.6530679660949208, 1.577176264912268, 1.5024859910283805, 1.4296386127528982, 1.3589016598357262, 1.2908048860852788, 1.2262006008244812, 1.1668556985257932, 1.1136605486585065, 1.0679913101408722, 1.0304576241436787, 1.0016534316089942, 0.9822480672013821, 0.9731418819030755, 0.9742854067454552, 0.9856849090591439, 1.0064483498738273, 1.036235781329223, 1.074306129939384, 1.1194856100724242, 1.1704780844210658, 1.2262150928216, 1.2853010919244547, 1.3471009787194133, 1.4111327352476986, 1.477439385345477, 1.5459479087058372, 1.6161780579148082, 1.6874480317376728, 1.7593204349511133, 1.831173658862471, 1.902596154736828, 1.9731475300586419, 2.0427038222930807, 2.1112613972467154, 2.1788457716582625, 2.245480749661996, 2.311220035201415, 2.375932723858214, 2.43961555971578, 2.502149427524909, 2.5634130090743423, 2.6232471705420073, 2.681573507907349, 2.7383677837692355, 2.7935883693472348, 2.8471381761736594, 2.8990852311405066, 2.9494582939368432, 2.9983026121826555, 3.045565621208659, 3.0911352720189056, 3.1349219859899544, 3.1769130148899367, 3.2170499187473185, 3.2551457570134334, 3.2908601783339466, 3.323963251613929, 3.3543168560514722, 3.381876616394427, 3.4065891030014854, 3.4283617806845403, 3.447097020787217, 3.462721447493429, 3.4751787712436633, 3.484520141636047, 3.490880672016961, 3.49442645594713, 3.4952365187977046, 3.4933537757938287, 3.4887694695986764, 3.4814377288000093, 3.4713594699916577, 3.4585869965201357, 3.443181936562753, 3.4252204407198126, 3.4047396274062103, 3.381719096929396, 3.3561050314686907, 3.327912606080186, 3.2972121937402994, 3.2640706089491576, 3.228506426328953, 3.1904816946159533, 3.1499643968099686, 3.107044431182843, 3.0619265092117023, 3.0148653956255873, 2.9660375729184056, 2.9155108165495682, 2.863258914677196, 2.8092407899079097, 2.7534486157496576, 2.6959038203894914, 2.6366512743753856, 2.5758512801801774, 2.5137663005037547, 2.4507024844675764, 2.386880911310768, 2.3224736213088213, 2.2576352593700286, 2.192502587830798, 2.127084236508568, 2.061235855273233, 1.994875520544589, 1.928166580729146, 1.8614638002572457, 1.7950541350798328, 1.7290372610278788, 1.6635683015877285, 1.5990852016977553, 1.5361841684931459, 1.4753611093904175, 1.4169893951901233, 1.3613950025707446, 1.3088098636387138, 1.2594013603823244, 1.213553442172225, 1.1720024690389814, 1.1357354178834744, 1.105685167546337, 1.0826884589256294, 1.0674188287765107, 1.0602984477623782, 1.0614799633384067, 1.070989470814871, 1.0886923104448503, 1.1142087043995654, 1.146912779560089, 1.1859217663819779, 1.2301664075547687, 1.278539385748166, 1.3301049753208731, 1.3840961410547037, 1.439996623703863, 1.4975861863916917, 1.5567550123393958, 1.6173231250013274, 1.6789753140615593, 1.7412658713900238, 1.8037512216698972, 1.8661589671587495, 1.9284026145994695, 1.9904387014880875, 2.052054027140581, 2.1129090380548257, 2.1727824013131545, 2.2317349996785065, 2.2899374977750124, 2.3475302715312467, 2.404549734269172, 2.460948894530534, 2.5167349961217624, 2.571927945052036, 2.6265038231499624, 2.680401402478213, 2.733499634916025, 2.785806952851704, 2.8375299445479185, 2.888841695510662, 2.9396492731818222, 2.9897330731643903, 3.0388914356115087, 3.0869402991366686, 3.1337130429368822, 3.1790067063628404, 3.222632268632268, 3.264378393914461, 3.3040050983427998, 3.3413248523704753, 3.376197434515646, 3.4084649438904804, 3.4379284618277475, 3.4643216234153327, 3.4872985400187604, 3.5064065098861597, 3.5211736844956594, 3.5311945033554943, 3.5361658311737436, 3.535824412786795, 3.5299605999744132, 3.518399118237316, 3.50098428533751, 3.477529706345787, 3.447854285627432, 3.4118249606044717, 3.3693524991214505, 3.3203818441000243, 3.2648832026372725, 3.2028318034552927, 3.134236355158304, 3.0591666563253503, 2.9777530479650025, 2.8901756861611054, 2.79674063847539, 2.6979173006174446, 2.594325695496765, 2.486703760397657, 2.3759798602971465, 2.2632061666245606, 2.1494230424363563, 2.0355937146961773, 1.922622618465563, 1.8115239098583544, 1.7037180407697061, 1.601132976043877, 1.5059165464293558, 1.4200479512278739, 1.3452621561883875, 1.2833127223207348, 1.2361724413511448, 1.205638583673162, 1.192695117979531, 1.197194132655841, 1.2181232445312014, 1.2539141498279478, 1.3026089361823172, 1.3620683592583183, 1.4301416261680473, 1.5047678417830712, 1.584117885333102, 1.6667270290158451, 1.7515190329516999, 1.8376791933932768, 1.9245333599255496, 2.0115173231633925, 2.0981811842261813, 2.184121069592991, 2.268933936810621, 2.3523169901659067, 2.434126074006593, 2.514315628197573, 2.5928418818404926, 2.6696094564283612, 2.7444424591913235, 2.8170844862520252, 2.8872315368408294, 2.9545559879422147, 3.018744526334165, 3.079534106041121, 3.136726341858987, 3.1901773020466186, 3.2397394876862013, 3.2852442409657416, 3.326531410638939, 3.363453323966242, 3.3958583544758083, 3.423614506737967, 3.4466165427320115, 3.464742608438722, 3.477825467187597, 3.4856588599074603, 3.4880398921883993, 3.484815708174647, 3.4758662201766626, 3.4610605140030835, 3.440291979352504, 3.413572564067003, 3.3810388012678656, 3.3428250398671855, 3.298992080068815, 3.249603885850346, 3.1947840039571536, 3.1346435490953364, 3.069212637109221, 2.998472755345301, 2.9224788366974788, 2.8414572662749795, 2.7557547479748363, 2.665752303737715, 2.5718857018622905, 2.474626629862431, 2.3743975308329563, 2.271591957488294, 2.1667240394860654, 2.0605003460537863, 1.9537899772760792, 1.8476554561895937, 1.7434179659421725, 1.6425555632075914, 1.5464531328613536, 1.4563328113480756, 1.3734832090734892, 1.2994907160427034, 1.2361859408671219, 1.1854476637657807, 1.149010935040853, 1.1281521277025282, 1.123380742401136, 1.1344168893092006, 1.1603004377050552, 1.1995340649465815, 1.250391416221855, 1.3111957487510935, 1.3803507769464516, 1.4563113831104357, 1.5376157913957662, 1.6229414623498815, 1.7111726570063681, 1.801423134713067, 1.8930016438166917, 1.9853199004346902, 2.0778324296261976, 2.170033102671872, 2.261498812804482, 2.3518648952335552, 2.4407790547175194, 2.527871510822723, 2.612740155125693, 2.6950202044314713, 2.7744766727553474, 2.850944498398176, 2.9241434617912176, 2.993655126535557, 3.0590236540926474, 3.119883790938393, 3.1759951244643267, 3.227220036810762, 3.273463857975024, 3.314630055009144, 3.350600578520733, 3.38124350809181, 3.4064768448903, 3.426308201475864, 3.4408012603848577, 3.44996882208719, 3.4537034559691064, 3.451796195538348, 3.4440228739586978, 3.430249188567392, 3.410532971871288, 3.3850740727703386, 3.3540624009448, 3.3176135816982844, 3.275787962646561, 3.2286475414249227, 3.1762597823092706, 3.11872431054107, 3.0561977372423783, 2.9888992231571567, 2.917092520063204, 2.8410870969870703, 2.7612332832255215, 2.6778688843356093, 2.5913035090383962, 2.5018432822994408, 2.409894308883773, 2.3159780617292816, 2.2206505131439496, 2.12448623072991, 2.0280795071326607, 1.932084393196471, 1.837240767956022, 1.7444231263200862, 1.6545610034078904, 1.5685670099085016, 1.4873730155811482, 1.4119878153924796, 1.3435613759806808, 1.2833717324454077, 1.2325428517920525, 1.1920560018628616, 1.1629275194586495, 1.1462782424540807, 1.1431539262668378, 1.1539913266669342, 1.178556253675622, 1.2160188325708479, 1.26512065840017, 1.3243624094388684, 1.392196148091121, 1.4672882458694685, 1.5483258677686726, 1.6339864536788018, 1.7230491036717366, 1.814521171384167, 1.9074482212985315, 2.00101236204683, 2.0944203410131257, 2.186985240529044, 2.278269935598979, 2.3678933181152804, 2.455515311527189, 2.54087191739117, 2.6237742411018004, 2.70403847504719, 2.7814179788619824, 2.855709956367405, 2.9267497624059615, 2.9943028705158135, 3.0580236811181356, 3.1175594741814083, 3.1726399102381357, 3.2230641045867556, 3.2687207477226194, 3.309572887497246, 3.3455134432558356, 3.3765568738888834, 3.402639779243716, 3.4237512503378285, 3.4398197690183405, 3.450767472263488, 3.456512368697927, 3.4569521345342156, 3.452009912924032, 3.4415343356644996, 3.425479321291371, 3.4038588103915486, 3.376591644893733, 3.3435537032034803, 3.304678307399057, 3.259807128459001, 3.2089123560976835, 3.15209640981666, 3.0891246943386124, 3.0200236847339563, 2.9448349286966793, 2.863717572450494, 2.7768820587361533, 2.6845918508805036, 2.5870997872268813, 2.4845651605719357, 2.3770761210768954, 2.2650742211017167, 2.1488660368660475, 2.029134285595948, 1.9068861140878768, 1.7833687000129201, 1.6599128992757708, 1.5383582584786157, 1.4215189677802589, 1.3126060428924993, 1.216138886659665, 1.1367520785466803, 1.0799421270724825, 1.0511380874056655, 1.0530607941309111, 1.0870731050267388, 1.1506256337944363, 1.2399832432446767, 1.349699349180608, 1.4746717538655094, 1.60970092865274, 1.7511964080240106, 1.8960988484307177, 2.0420161717235157, 2.1869680569634586, 2.3294959625169405, 2.4678116293081773, 2.6005015596942096, 2.726197002779144, 2.8430985409022305, 2.9508376440634105, 3.0489715800416404, 3.13628750760989, 3.212641995951377, 3.277540926575175, 3.330494692967323, 3.37129393602091, 3.400098652684684, 3.4173770119310136, 3.4230350497420496, 3.417145017401794, 3.4006377945055886, 3.373599934606532, 3.336953670656956, 3.290651756461252, 3.235643743432442, 3.1722898423304255, 3.1016499763315055, 3.0236407868464115, 2.938998925110212, 2.848535564770653, 2.752685279244057, 2.652835659373251, 2.5486857209514286, 2.441190736928311, 2.331276958122698, 2.2192506434194303, 2.106554773897455, 1.9937028739415275, 1.8819922872605654, 1.772986641967468, 1.669319623050136, 1.5725002316411805, 1.485363203013534, 1.4088161531341852, 1.347578955082153, 1.3034337622728192, 1.2770877843246733, 1.2679498366611446, 1.2826445327574365, 1.3181491011418827, 1.3704284388131833, 1.4413717013370018, 1.5276406347059925, 1.6240379292747729, 1.731064534317662, 1.84369321313391, 1.9612150973339897, 2.0812852850896735, 2.2016959560994955, 2.322597112127469, 2.442890970315584, 2.5633379023960017, 2.681276069357777, 2.7947858263156977, 2.9032898356730517, 3.0061147063497513, 3.1042579553065126, 3.1964386366016138, 3.2819670363075684, 3.3594175190030975, 3.4291958823698767, 3.4903041380951567, 3.5432010302392216, 3.5872206549013335, 3.621869294604669, 3.6465526665813113, 3.6607939764782778, 3.664771315425343, 3.658212666293402, 3.6406251239428613, 3.612132977804316, 3.5727626965870862, 3.522483237020392, 3.461499196946431, 3.39019978232876, 3.308851420522838, 3.2181420674421286, 3.11909849266435, 3.012144099592865, 2.8985940803577988, 2.7795777623769995],
[6.859639043663996e-15, 0.07813178629682842, 0.2767278545801916, 0.2921117733883986, 0.34399779118129226, 0.3962163606495797, 0.4385129075011825, 0.5061077530160254, 0.5786655071685373, 0.6350502267439608, 0.7121110512158499, 0.7924187863345801, 0.8663508733609842, 0.9511977974595399, 1.0369064615099244, 1.136522645975141, 1.223511790566603, 1.318523643172771, 1.4101713861126666, 1.5096158203627659, 1.6071430879762412, 1.7076586535093845, 1.7954840796303038, 1.8884855826938085, 1.9769333755248866, 2.070074206240238, 2.151645252679697, 2.2311881778821894, 2.3033773906228974, 2.375569733903927, 2.443794695885909, 2.5077875225579733, 2.561821992934137, 2.614122085649265, 2.6606679596055964, 2.7064185107886702, 2.746217578276692, 2.7793066811809495, 2.8085756252582033, 2.8350842698042835, 2.8588909012696035, 2.8792389396824825, 2.894327115858025, 2.9065534725096662, 2.9162373035739777, 2.9244051861259073, 2.931004931338421, 2.9328513150184956, 2.933600932748299, 2.933038523167834, 2.931526119498001, 2.9287731001030033, 2.92416948949423, 2.91833768809534, 2.912521367073448, 2.906985812594529, 2.9015823199053137, 2.8934442603075974, 2.8857250742836187, 2.8782509814057886, 2.8713756058135407, 2.866374899443919, 2.8613729743273195, 2.8562292628850323, 2.851166522625055, 2.8457010935143656, 2.8416476567043674, 2.8373184013554646, 2.8342591722394497, 2.8330199339514004, 2.8326553553278493, 2.834670447669822, 2.8375224251026627, 2.840543539850253, 2.844733261967388, 2.848654221155831, 2.853169492248902, 2.857706979322678, 2.8622489743492414, 2.868037415844925, 2.874360970606911, 2.8822069328999445, 2.8914561046440532, 2.901856375977332, 2.914231977317284, 2.927328786294227, 2.94177503261568, 2.956867923491803, 2.9716007060585428, 2.9868286883964803, 3.001023267644501, 3.014657799860358, 3.027722863013047, 3.0393881138960475, 3.0510688351566713, 3.061785975684739, 3.0722354300945525, 3.083244555337895, 3.093848767675626, 3.105608079617163, 3.1180077692099504, 3.130627992910197, 3.144359446363847, 3.158416941601527, 3.173414749942038, 3.1884006595685355, 3.2021824711787197, 3.2152289294575693, 3.2269432912486735, 3.2380180973877817, 3.2477544611350644, 3.2552619109344985, 3.261205528581002, 3.2649547867043123, 3.267337104017798, 3.268861936944251, 3.2696337153604618, 3.270636978356126, 3.27110043076653, 3.2716525148991664, 3.272465080934455, 3.2728527742318305, 3.2743824858574984, 3.2769044858205443, 3.2810660771860967, 3.287610595333307, 3.295123775331442, 3.3034872345744626, 3.3114411258982392, 3.3183648727122357, 3.3248430523002943, 3.329900021015135, 3.334288744291719, 3.3379189203211936, 3.3403567445016407, 3.342188259678203, 3.3423194255192223, 3.340749163037327, 3.337549121359511, 3.332305006194575, 3.3260581864710774, 3.318696017042825, 3.311291564065569, 3.304743957613657, 3.2992064943231765, 3.2958306706237868, 3.294336467010392, 3.2953356880704003, 3.2991849436140392, 3.3050245902624047, 3.313565599769903, 3.323885786431043, 3.335851971460077, 3.349996579833913, 3.365314521539106, 3.3822112001963496, 3.3998881683859468, 3.4179009736052994, 3.437095461531478, 3.4562833895884286, 3.4749693043611005, 3.49209274530056, 3.5068961381853594, 3.520070806211683, 3.53077449450019, 3.5391325251037156, 3.5451272612446267, 3.5481451102357227, 3.5487867023526034, 3.546993966738637, 3.5438628711496545, 3.5402009865746797, 3.536049818529109, 3.5325070977377684, 3.5291266403932124, 3.5261609123967945, 3.524209379983574, 3.523011053859585, 3.5234695984876794, 3.5250583699296163, 3.5277414757150423, 3.5318863973432904, 3.536367132923964, 3.54169862444351, 3.547212555482764, 3.5520318800421204, 3.556735633224644, 3.560837614385602, 3.565336994337482, 3.570686377660977, 3.576448546103413, 3.5829987696375314, 3.5895337327834915, 3.5961593278351716, 3.6030544113364535, 3.6098092331831633, 3.617238762911952, 3.6252616223368856, 3.634269866749172, 3.6444484944834414, 3.6546938952890344, 3.664922754456639, 3.6740597993945996, 3.681680970523323, 3.6876894500238513, 3.6912116764534795, 3.693160649288684, 3.694253374703304, 3.6956513248344818, 3.698887914493978, 3.703879644469828, 3.7117533435604257, 3.7229836371996607, 3.737292740307135, 3.754812193603121, 3.7738847972083924, 3.7939187205853084, 3.814436887814762, 3.8348329614891337, 3.856261048496132, 3.878974608277696, 3.903380508305532, 3.9292629050545207, 3.9553349707616494, 3.9811624679461706, 4.005535669374197, 4.027858839887839, 4.048620785549015, 4.067736665420807, 4.085713129978371, 4.1021955303401665, 4.116750972390219, 4.129179638548963, 4.138606778859047, 4.145843015255866, 4.151422794661377, 4.155650768940607, 4.159127360391082, 4.160821020322177, 4.160248384290786, 4.15667238203355, 4.149569982476794, 4.139810459101936, 4.127289525336396, 4.112199989402337, 4.094502010390216, 4.073704849312887, 4.050886773977914, 4.0267014271620996, 4.0019370629810656, 3.97768661328822, 3.9539535254019276, 3.9316623898643184, 3.9115925279461226, 3.89482928763539, 3.882645566624826, 3.8746739216751585, 3.870780682797113, 3.8699673650584208, 3.8714991667442265, 3.8753217940452513, 3.880627549793148, 3.8877652058337007, 3.8964788780574096, 3.9061912674137242, 3.9175395341788644, 3.9304734864715907, 3.9454817220701175, 3.9623825051449866, 3.980437305632045, 4.000501587768979, 4.022925102792229, 4.048101101847173, 4.076077962606332, 4.105609505522438, 4.137178681370197, 4.170825870471364, 4.206468710296968, 4.243671124990788, 4.28066172885814, 4.316824097572722, 4.352005615662143, 4.3862011378234715, 4.42004568935719, 4.452946540155375, 4.485597681898489, 4.518595974720496, 4.552307470217886, 4.587160771114461, 4.622524782779023, 4.658475495556875, 4.695138952359204, 4.732254461964297, 4.769416041117706, 4.804951054841174, 4.838424930179564, 4.8697325213197145, 4.898455292240763, 4.924561093092851, 4.94751162331292, 4.967333859423756, 4.984483440679327, 4.99821804982794, 5.008138776157384, 5.014008620376284, 5.016384895522753, 5.016202750261701, 5.013478216230959, 5.008538539225917, 5.001570846544086, 4.9928505803284, 4.983158667305506, 4.97242000544695, 4.960667980914404, 4.948003424343337, 4.934168019237057, 4.919521900671142, 4.903819665709926, 4.887351822012678, 4.870682855493063, 4.853639410076091, 4.836249920798628, 4.818235235232285, 4.800259898196269, 4.783132209602519, 4.766685051026744, 4.751535631646893, 4.737771842676642, 4.725858031157882, 4.716155042733426, 4.708005207690929, 4.702091855832202, 4.698209347372688, 4.695757340608452, 4.694696724875379, 4.694260536659771, 4.69500088455174, 4.697057384430421, 4.700110961282461, 4.704646740964865, 4.710339973626844, 4.717248837752521, 4.724887801423476, 4.7326426907304056, 4.741155384621034, 4.750478630298716, 4.76083583006886, 4.772452748734631, 4.785601067214547, 4.800790738097925, 4.817356314457874, 4.8352649501664695, 4.854784707780698, 4.875454252005275, 4.897003464131656, 4.918604598748045, 4.940067070187463, 4.961403207661693, 4.98167895066652, 5.0006708510140205, 5.018250719604033, 5.034727576425029, 5.050623624745256, 5.06553462240753, 5.079584598374643, 5.092553044061466, 5.103945033193702, 5.114120931264351, 5.1234104916095315, 5.132445972976716, 5.141505260712129, 5.15079081765025, 5.161291779840628, 5.173002863410219, 5.1857827028238095, 5.199555774492251, 5.213803162700713, 5.228165206787753, 5.241755005002724, 5.254306932380988, 5.2657014696138615, 5.2746236719254735, 5.280367488352143, 5.2826515889168935, 5.281381574454922, 5.276682509165049, 5.268573024837694, 5.257881650230278, 5.2448267203931165, 5.229359862560658, 5.2123323440415, 5.194204244176023, 5.1756957170003, 5.157468015720959, 5.140395767835397, 5.125593753282833, 5.112888795363734, 5.102823579214963, 5.096398805735489, 5.093729547365361, 5.09529319239844, 5.101394396710657, 5.112290109267487, 5.127494697892303, 5.145704476384617, 5.166614420169811, 5.1891588916097025, 5.211914709079142, 5.2342861123972675, 5.255547395242553, 5.275342546747336, 5.293349156053644, 5.309799699796038, 5.325180892794706, 5.338978253855068, 5.351907944374431, 5.364973896425792, 5.377904398526922, 5.390384772589221, 5.402077950470143, 5.413286890342592, 5.423897446500841, 5.433772325117641, 5.44398610850511, 5.454762401624795, 5.466337830447866, 5.479562415638668, 5.494967441294082, 5.512987849834089, 5.533043094090512, 5.554550957023566, 5.576926316305349, 5.599038080299407, 5.6211316484242655, 5.643534510809318, 5.66614330732931, 5.6892827144010845, 5.712738250087563, 5.73618036874363, 5.7586191098230675, 5.779253870221177, 5.798005045750068, 5.813982876786266, 5.827109774398888, 5.837739226078328, 5.845470481467878, 5.850305290352654, 5.852367162823649, 5.851998865016101, 5.849297338799862, 5.84423110544786, 5.837758456343307, 5.830193866060048, 5.821707794025757, 5.812997519805717, 5.804195491782518, 5.795489128202378, 5.7869081473740085, 5.778752138815443, 5.7713339549944385, 5.764710358663158, 5.759942084127842, 5.757321193803284, 5.756341995284219, 5.757387385832346, 5.760617687374221, 5.76608172898982, 5.773738770168636, 5.783414779580524, 5.7948382521971835, 5.807103646579864, 5.819962752192024, 5.833191531426761, 5.845843928025089, 5.858144518903714, 5.870390448661771, 5.8824023783429835, 5.894163670912724, 5.905807382866338, 5.91765627028263, 5.929345519863724, 5.941020665825829, 5.953077639253624, 5.964810255858926, 5.9760251712701065, 5.986640304471921, 5.996141255006722, 6.004509364483754, 6.012002767197166, 6.0190508168781625, 6.02567329084933, 6.032082033335746, 6.038878194880494, 6.045684058711597, 6.05246427795582, 6.059267841176755, 6.065245649171537, 6.070079990445123, 6.073669538124412, 6.076120096971394, 6.07776817757846, 6.079022931981092, 6.080297494291327, 6.080972878448825, 6.0811334294771235, 6.081601115912, 6.082506859208687, 6.08437670404013, 6.087549318228749, 6.091736318361734, 6.0970675292185454, 6.104023313758204, 6.113162549369905, 6.124265777062315, 6.136926205590194, 6.151247259753384, 6.16670251735105, 6.183176310625594, 6.2005977094151605, 6.218062845004216, 6.235209602111297, 6.2517958410720045, 6.267510462488635, 6.281923678927636, 6.294700186749389, 6.30589928333094, 6.314914907499792, 6.322195763397401, 6.328861981136021, 6.335116359599984, 6.341690725642498, 6.349064059016986, 6.357281465706014, 6.366709235960472, 6.377798772865418, 6.390794129129727, 6.40535034600071, 6.421523533063875, 6.4397982326424374, 6.460424716718902, 6.48400798308495, 6.51061763406024, 6.539503860664842, 6.570685718345423, 6.604181039942803, 6.6395912990011645, 6.6761921162741125, 6.713016419147941, 6.749141294941783, 6.783637405759756, 6.816462945582248, 6.847299281215037, 6.875172545517493, 6.90009294374122, 6.922223384477876, 6.941479361686777, 6.958079886919714, 6.971566105597256, 6.98144883342581, 6.987872376063784, 6.99143857482915, 6.992154100269826, 6.989447550174043, 6.983918624758569, 6.976334222086276, 6.967197877079406, 6.9572124368902, 6.946127718717397, 6.933912239994723, 6.921285140151155, 6.908525286791905, 6.895431135175472, 6.881858470520634, 6.867974509854423, 6.854031120059871, 6.840350985212518, 6.827448804352488, 6.814703286438827, 6.8019773817026135, 6.789688067128982, 6.777688463858765, 6.76605841588506, 6.754939086368685, 6.744154213118061, 6.73407402369933, 6.724831560341331, 6.716140880014656, 6.707660555908488, 6.699746961356289, 6.692768906825048, 6.6861360113240575, 6.679937271462621, 6.674309472592051, 6.6694574999164375, 6.666201079554291, 6.664667164731997, 6.664624260466869, 6.666576107127519, 6.670917434795153, 6.678008055067484, 6.687699170113112, 6.700053059295197, 6.71512271129217, 6.733240894485756, 6.75452953695419, 6.777974147374172, 6.802656837788352, 6.8286939598412175, 6.855401929829147, 6.881768138766453, 6.906660600781405, 6.928760549701773, 6.948471060341652, 6.9667508699941525, 6.984452889814947, 7.001569667558061, 7.01879524191539, 7.03696989111672, 7.056710297568589, 7.078535817388244, 7.102302938366532, 7.127312986590578, 7.154009213097658, 7.182088258401174, 7.210686945367385, 7.2391557703432365, 7.266797030493731, 7.292986683626056, 7.317311370346774, 7.339866432942582, 7.360688305500546, 7.379753410104641, 7.397040114238751, 7.41191301733468, 7.424087993639579, 7.434113667724537, 7.441880625991799])


DVDM実行時間: 148.17644449999352
初期値に対するノルムの最大誤差: 3.303708618673795e-06
初期値に対するノルムの最大誤差比: 8.848697672309781e-07
初期値に対するエネルギーの最大誤差: 0.0010333548649370528
初期値に対するエネルギーの最大誤差比: 0.0001911979529093135
各要素の最大誤差: 3.56550481988399 4.138764907385309
各要素の最大誤差比: 2.104460528852823 0.06591909187941834

t: 8.0 , 1.1293371865474158 2.6460151592134076 , 0.6677245637815251 0.04415472205376288
t: 16.0 , 2.039202815438549 3.3007189183816834 , 1.205698382590441 0.05507941866380472
t: 24.0 , 2.301883904235456 3.3308777037325537 , 1.360995132821363 0.055583260517430906
t: 32.0 , 3.1124857237876493 4.138764907385309 , 1.6174195317021853 0.03681860165978997

(0.07074513975055297,
[2.6000575297326633e-15, 0.1237205165925824, 0.14649538431044842, 0.18598117693368177, 0.21302018898394304, 0.24683390622194348, 0.27722536317572816, 0.3110268703180064, 0.34481700538525606, 0.3805362885634196, 0.41807187527808287, 0.45648263067192846, 0.49777453912824343, 0.539302645005753, 0.5840688641434582, 0.6287648160613659, 0.6767672637200954, 0.7243751335558993, 0.7752745644000607, 0.825541557033717, 0.8789047276494962, 0.9315263048137642, 0.9869747309273967, 1.0415845218250899, 1.0987960320389387, 1.1550747310921343, 1.213698035271801, 1.2713839004460443, 1.3311355099831699, 1.3899372944598594, 1.4505730395457566, 1.5102331234178346, 1.571487554099926, 1.6317596728268473, 1.693361402834059, 1.7539599557003223, 1.8156373281224574, 1.8762449609969003, 1.9376751484968895, 1.9979631011531866, 2.0587895369751466, 2.118386567570471, 2.178249047401146, 2.23676138528418, 2.295267099225019, 2.3522919650928813, 2.4090667861989044, 2.4643115897129872, 2.51906392032885, 2.5720293744078053, 2.6241638598056922, 2.674582285218147, 2.724386723115387, 2.7725313546353743, 2.8194244061169553, 2.8639955487607858, 2.9073053981654096, 2.9491564748975057, 2.990237832102235, 3.029215247138762, 3.0664505776585727, 3.102018551802959, 3.1369518535061154, 3.1701523559224403, 3.2015443340447156, 3.2309044416689527, 3.259174004701387, 3.285765791527756, 3.310950940482375, 3.33479961500902, 3.3579661757058283, 3.37970379336302, 3.4003262080331598, 3.4197488322040774, 3.4380311969863295, 3.454590144096584, 3.4699832356256723, 3.48398896724672, 3.496618031725849, 3.507829184001907, 3.5181836826829804, 3.527276146887806, 3.535387955154271, 3.5425785606514433, 3.5489423723620166, 3.554186591948035, 3.5586587117790716, 3.5620456818794053, 3.5643414151801633, 3.56548235289824, 3.56550481988399, 3.5640698878743766, 3.561446664811945, 3.5574238274739027, 3.5520384965825484, 3.545304349728187, 3.5373328052978907, 3.5279286960747878, 3.5173875060157647, 3.5056215991302064, 3.4926963570508724, 3.4785807881772364, 3.463260447499032, 3.4466347529082886, 3.4290121055020824, 3.4102583469769567, 3.390286275160828, 3.3688937560768895, 3.346045496103942, 3.321812519329667, 3.2964527230545877, 3.2698039332230557, 3.2418823669850885, 3.212511000705496, 3.1816372890567366, 3.149335637457256, 3.115831436398663, 3.081117658287752, 3.045322246269439, 3.008411087172894, 2.9706022325767805, 2.931961464480736, 2.8924532574921935, 2.852003611470335, 2.8106189083596633, 2.7681596100241443, 2.7247972395626965, 2.6806835549297996, 2.6361385712264696, 2.5913011950478335, 2.5460400496509847, 2.5001142413208575, 2.453440949671458, 2.4058077044279433, 2.3571686851528586, 2.307474958299101, 2.256926633671771, 2.2057788594610708, 2.154291330193805, 2.1026759170506155, 2.051085109836967, 1.9994657703744818, 1.947883344825721, 1.896210968320077, 1.8443396283570654, 1.7921722280229715, 1.7397770334218685, 1.6873290386685078, 1.6349886413723043, 1.5829232230331465, 1.5315952592964468, 1.4813130628852662, 1.4323350438041857, 1.3846981904558413, 1.3384289886255567, 1.2936901977972788, 1.2506702011647064, 1.209197195666036, 1.1688654156058635, 1.1293371865474158, 1.0908958150433365, 1.0539747883840942, 1.019032361963478, 0.9863563506821309, 0.9562227896196398, 0.9290168968371916, 0.9053593382729905, 0.8860205917770585, 0.8719914283783455, 0.8639566431091121, 0.8620758661893857, 0.8659019515113688, 0.8748961367467095, 0.8884701992079893, 0.9062386999578086, 0.9281109858818771, 0.9539989568869587, 0.9835521053014475, 1.0163937733217252, 1.0519967059991506, 1.0898161962263582, 1.1295475880555301, 1.1712111184576626, 1.214802381010445, 1.2601515377009866, 1.306985429291812, 1.3549884626030408, 1.403977750473789, 1.4539735042641897, 1.5049136251874682, 1.556540875711629, 1.6084049840739054, 1.6600894247422915, 1.711332928385297, 1.7621197086892026, 1.8125869720403358, 1.862864641094488, 1.9130472274722705, 1.9632388439342099, 2.013460401328103, 2.0635939796543066, 2.1134188037909394, 2.16275039103971, 2.2114669304602885, 2.2594822795410443, 2.3067436087581155, 2.3533309090589856, 2.3994742106902818, 2.4453471394437925, 2.49087206820184, 2.5358128053242837, 2.579990238097553, 2.623367706650986, 2.6658711936751924, 2.707265520722238, 2.7472664122401445, 2.785738193861085, 2.8226977126719546, 2.8582461706317384, 2.892558815234425, 2.925832358859057, 2.958172136431049, 2.9895540339823348, 3.0199040691173957, 3.0491762824120783, 3.077344555338813, 3.1044092258002, 3.130389815078609, 3.155265026527257, 3.1789741563242626, 3.201475310740995, 3.222761403901944, 3.2428660694659284, 3.26189788078766, 3.280041716728398, 3.29746815235366, 3.3142833152122484, 3.330528472844048, 3.346160578352105, 3.361029732940449, 3.374945407748021, 3.3877798767230454, 3.3995126289905104, 3.4102094169744896, 3.4199700027449125, 3.428838637996314, 3.436782766425857, 3.4437687305009153, 3.449878833983242, 3.4553043037833047, 3.4602387916325332, 3.4647997812566045, 3.469024352553491, 3.4729394359801624, 3.476615879831762, 3.4801133565333813, 3.483443536303963, 3.4865952472379598, 3.4895634628776535, 3.492352745379429, 3.494910851420501, 3.497076883582458, 3.4986730654523424, 3.499671694228796, 3.500195431436573, 3.5003825846044765, 3.5003049188299644, 3.4999916333816277, 3.499465166218517, 3.498745745153837, 3.497829582847872, 3.4966757742602446, 3.495178629289314, 3.4931552602263114, 3.4904175479564974, 3.4868746618641713, 3.482519896252393, 3.4773713607811474, 3.4714621132349976, 3.4648225605597194, 3.4573861205694154, 3.4489694681772614, 3.4393617389411193, 3.428412036429862, 3.416025029509782, 3.4021317418586117, 3.386709222210245, 3.3697665546312483, 3.3512928463962472, 3.331270602300584, 3.30970139038591, 3.286595489615493, 3.2619752895087504, 3.2358730500975104, 3.208260344534748, 3.1790256720208134, 3.1480284274480694, 3.1151168638938365, 3.080111080597349, 3.042856641369969, 3.0033048767498483, 2.9614948110126957, 2.917512067386551, 2.8715426696559527, 2.8238809300933285, 2.774807639778399, 2.724454895560329, 2.6727357844157393, 2.619460281382547, 2.564631011216986, 2.5085531440307807, 2.451614444681181, 2.394021054168609, 2.3357754857553097, 2.2768791115836455, 2.217504633738167, 2.1579463212132035, 2.098455767481286, 2.039202815438549, 1.9803864542752412, 1.922277727239457, 1.8651795641814788, 1.8093836669695926, 1.7550448605840663, 1.702067919366075, 1.6502038443013047, 1.5992630383992719, 1.5492287968424143, 1.5001846360661188, 1.4521663730967984, 1.4051578323712643, 1.359166853672457, 1.3142054957376765, 1.2703036393858849, 1.2276551611911641, 1.186699689491089, 1.1480479434210675, 1.1123162749916295, 1.0799302144510337, 1.0509899677635275, 1.025334855830104, 1.002734779457525, 0.9829644274367434, 0.9658303852908537, 0.9512690151326927, 0.9394106936616912, 0.9304790381906829, 0.924632934774761, 0.9219647910730987, 0.9226578036620922, 0.9269853972772251, 0.9352348673384309, 0.9476524699643393, 0.9642947652279501, 0.9849842200434608, 1.0094372541105265, 1.0373504454999283, 1.0684118385729966, 1.1023709914843831, 1.1390428972874715, 1.1782739280485386, 1.2199961265341825, 1.2641631252307808, 1.3104777187268635, 1.3583190372839447, 1.407089157609656, 1.4565170150770537, 1.5064721952659406, 1.5566370395990523, 1.6066138494654547, 1.6562727308429055, 1.7059184045795046, 1.756070530946747, 1.8070434689220782, 1.8587956175906029, 1.9110594904794387, 1.9634634584788904, 2.015686772860666, 2.06762206591156, 2.1193396331625385, 2.1708903282220575, 2.222184942072405, 2.2730543672470462, 2.3233018157243976, 2.372706832038652, 2.4210765444915254, 2.468333288160748, 2.5145678019515296, 2.55995675260243, 2.604616315998834, 2.648556124222986, 2.691716978051397, 2.734002387874705, 2.7753306962311757, 2.8156473723323856, 2.8548632366402913, 2.8928572073284338, 2.92953725637902, 2.9648393136655855, 2.998700760320047, 3.031085241743906, 3.06202308614927, 3.0916085542305027, 3.1199630273700922, 3.1471800930704124, 3.173279434968703, 3.198225552176062, 3.2219966558400652, 3.244612859203095, 3.266085271519607, 3.2863727900320963, 3.30544433111941, 3.323345414217306, 3.3401564456630504, 3.355916169695911, 3.370588581425068, 3.3841080429044403, 3.3965012156858134, 3.407942678166966, 3.418632957840763, 3.4286827981692416, 3.438106341133139, 3.446853907774237, 3.454825821197824, 3.4618836819477763, 3.467897553685699, 3.472769533331681, 3.4764097509996703, 3.4786944319804114, 3.4794994775074275, 3.4787890960325463, 3.4766366818201844, 3.4731575630566796, 3.4684428908922125, 3.4625261409566876, 3.4553442195014332, 3.4467633692570296, 3.4367253504404003, 3.4253655247132846, 3.4129080916250922, 3.399532970645683, 3.3853228841142133, 3.37029562111132, 3.35443340944304, 3.3376950756149126, 3.3200428990442483, 3.301432496399063, 3.2817882627560317, 3.261018472568443, 3.2390877805566647, 3.2159844788098533, 3.191674274552133, 3.166109841084935, 3.1392552262481117, 3.111125138755708, 3.0817499743472005, 3.0511744813261745, 3.019437013138492, 2.9866383499774467, 2.95301919801606, 2.9189007380223173, 2.884496896152593, 2.849844457341955, 2.8149074334478152, 2.779671501844983, 2.744084782013691, 2.7080414215005644, 2.6714023199823345, 2.6341163895512754, 2.5963962070913222, 2.5585838182657334, 2.5209624146210503, 2.4836164614640017, 2.446541005807453, 2.4097924663948658, 2.3734097377831267, 2.337435587769143, 2.301883904235456, 2.2668145930191175, 2.232226331844248, 2.1980529353825426, 2.164201818096672, 2.1307133077695757, 2.097536881719057, 2.0645006329081017, 2.031457115743323, 1.9982764875667236, 1.9650575787492213, 1.932037374470309, 1.8994281209264299, 1.8673499029700094, 1.8357043773413317, 1.804282059551413, 1.7728980222100081, 1.7415009817432958, 1.7101455862518373, 1.6788510540726953, 1.6475611607721627, 1.616317437248778, 1.5852333758959087, 1.5544901248480973, 1.5242535514406108, 1.495006302190739, 1.4668709099720907, 1.440031038388945, 1.4145486750592033, 1.3904348575473187, 1.367653604217625, 1.3459501170207793, 1.3253129302868438, 1.305802912031599, 1.287586232034628, 1.2706158198155573, 1.254690965497452, 1.2395329337237242, 1.2247246521211717, 1.2100642743206367, 1.1957018714798715, 1.181782575057881, 1.1682330454288299, 1.155684845256692, 1.1441639856005363, 1.13440313134169, 1.1267138353192199, 1.120477616711012, 1.115406138493334, 1.1118650061722017, 1.110156201725367, 1.1109892182990049, 1.1147397236368068, 1.1220142475590136, 1.1324013565406386, 1.145448640473096, 1.1609857321709889, 1.1782486081371772, 1.1967290188107782, 1.2162962363981982, 1.2373110171396342, 1.2594367744361026, 1.28311255277286, 1.3090897679454443, 1.3375893796131038, 1.3693124264424914, 1.4033251157844595, 1.4400221290307376, 1.478930760759087, 1.519966643346062, 1.5628879675345242, 1.607916490341591, 1.6549335375636338, 1.703935793891459, 1.754322391909394, 1.8055474466576362, 1.8573519646774768, 1.909749373076401, 1.9627075156382272, 2.016494716832728, 2.0714809361959157, 2.1269400418753697, 2.1825882097008216, 2.238034677137152, 2.2924437557057837, 2.347164904277233, 2.4019787509754846, 2.455902661116642, 2.509135018016441, 2.561319109011272, 2.6119972080385563, 2.661626369072739, 2.7099521162316442, 2.7571720553094536, 2.8018195669226382, 2.8450419925877264, 2.886819280481332, 2.927208041920076, 2.965706462118397, 3.002550068314613, 3.037998905791425, 3.072058421518204, 3.104734434806045, 3.1353413593423753, 3.164851075192779, 3.1930009513370003, 3.2196295245119764, 3.2449490228153963, 3.268326208860099, 3.2908369710254544, 3.3121271509850145, 3.332310168576397, 3.3515499628642944, 3.3702323994123224, 3.3880850677114958, 3.4057235142470415, 3.422125665216437, 3.4375432058085016, 3.451448189879237, 3.4644544220672815, 3.4762770909488143, 3.4872691587957387, 3.4973102996351635, 3.507551530625706, 3.5177304797289515, 3.526088498810755, 3.5332410521145063, 3.5407880548567188, 3.546114649781063, 3.5500871036687154, 3.553683392068987, 3.555785940997414, 3.5574669008172717, 3.558179287742111, 3.5581423735962705, 3.5570161417890005, 3.553990802812081, 3.5495250946102135, 3.5433586193679556, 3.537041723183572, 3.5297581296914946, 3.521129570372, 3.5104647319928595, 3.4983504418080864, 3.485004203298408, 3.4706746920958125, 3.454844369318452, 3.437347309989583, 3.4183535122199076, 3.3979003783460984, 3.376003452436125, 3.35257799010685, 3.327587860200987, 3.3009693441884815, 3.272978161492639, 3.243439974927025, 3.2124253775687817, 3.1805498796826805, 3.1474925013159014, 3.1124857237876493],
[6.859639043663996e-15, 0.19699753673154102, 0.30317454795448107, 0.31654840579196036, 0.3429412967429123, 0.3696911828044335, 0.401112974526472, 0.4159303097121579, 0.4461021481294441, 0.4764171697374353, 0.5184198460873003, 0.5654257542853145, 0.6263954207373504, 0.6851140654596963, 0.7526239358391893, 0.8275847720047368, 0.9097262533662107, 0.9860282393208937, 1.0660482377584493, 1.1507520242271432, 1.2375151259056394, 1.3165302842080464, 1.3957065300575933, 1.4766529023258526, 1.556663575804008, 1.6282413954882329, 1.697913517209626, 1.7674110056103947, 1.8345156007466208, 1.8934412313353126, 1.9497064300323466, 2.0048501033619734, 2.0572559858537165, 2.1024500698019684, 2.14505844448926, 2.1862926163342213, 2.2250857699005704, 2.2578705395845415, 2.2884971530765013, 2.3178035462536926, 2.3451183429192852, 2.367545327955442, 2.3882780646731643, 2.407778607727935, 2.425718761123328, 2.4396994019591944, 2.4523382137078253, 2.463816630328873, 2.4741627049433443, 2.481433385616002, 2.4877801221049305, 2.4929439370468343, 2.496992228194077, 2.498482079240696, 2.499814801893155, 2.500943802713233, 2.5016955133130585, 2.4999061915028924, 2.4970863111505808, 2.4932980058638634, 2.489649947259783, 2.4854208276630607, 2.4823550607279627, 2.4794291779139446, 2.476454121243981, 2.471662353674369, 2.4663243948041926, 2.460108990240538, 2.454130069028376, 2.4476648047201115, 2.4425152207599514, 2.4383459490554538, 2.4359506094565595, 2.4338974932183848, 2.4329665826420594, 2.4319714848454814, 2.4312581568299567, 2.429380274151404, 2.4272471484408897, 2.4242485114951466, 2.4215684343884796, 2.418596335742382, 2.4168027260699048, 2.4158546770119504, 2.4169169894402875, 2.419296792923364, 2.423918469856135, 2.42982706758172, 2.437406184742818, 2.4452962433306795, 2.453897088622578, 2.461904388602403, 2.4696261545992626, 2.475941657157306, 2.481645195957771, 2.4860309143442056, 2.4899884866291986, 2.4930004455560364, 2.4962841537988925, 2.499612532626063, 2.5040742356671424, 2.508987142910406, 2.5150943694452246, 2.521912583918735, 2.5305512590698607, 2.5402610369948255, 2.55105878238207, 2.5614779919508677, 2.5720439559644888, 2.582421935810219, 2.5934219583294227, 2.603975277372524, 2.614204681024379, 2.6230122564817946, 2.630730904084709, 2.6366844581638453, 2.641868926613415, 2.6460869176307917, 2.650082669254918, 2.653228589841726, 2.655978356996769, 2.6574337346400845, 2.657981143577523, 2.657167973593371, 2.656106245849529, 2.655044888565496, 2.6553686150585016, 2.656740145277685, 2.6593344492938944, 2.6619937002071064, 2.6648959618918613, 2.667315995844825, 2.669953643377702, 2.6725551389645537, 2.676065007081682, 2.6803319600089157, 2.686044318572158, 2.6923926521643433, 2.6994203040018303, 2.705908913136842, 2.711629041756237, 2.715398194636238, 2.7173262388365518, 2.7169222435985856, 2.7150305413358655, 2.711551765783159, 2.7074092731733534, 2.7025372185691685, 2.697775759736077, 2.692857780929669, 2.688252580618286, 2.6832283083848414, 2.67803641882723, 2.67224172158164, 2.6666729639316253, 2.661140241791106, 2.6561382904128137, 2.6512834446409985, 2.647719983059116, 2.6460151592134076, 2.647348457258133, 2.65114208219768, 2.6573919691816155, 2.6654073225329338, 2.675533441418856, 2.6869661376626195, 2.6996313116990325, 2.7124966804579445, 2.7251971246859457, 2.736358716271884, 2.7458999796937085, 2.753476742849371, 2.759854784088693, 2.7649159385098487, 2.7693315939725247, 2.7725942726007853, 2.7747823433844037, 2.7752697563293567, 2.7745560448518924, 2.7723630240537167, 2.769123005045132, 2.764470771005364, 2.7588246059691732, 2.7517432398915718, 2.7435116646161277, 2.733689719290585, 2.7227098329917796, 2.7102837008271488, 2.697097703826848, 2.6836224473809507, 2.6714705010222617, 2.6613143320593395, 2.6541258252885536, 2.649906426283488, 2.6491626810762545, 2.651474827005404, 2.657133003617896, 2.665696434398348, 2.677316780252706, 2.6915248268665346, 2.708505314446376, 2.7273482176077333, 2.7473204369701985, 2.7669861603783463, 2.785725492438358, 2.8024703100314796, 2.81689966872387, 2.8284840569314933, 2.838005221723108, 2.84602802064735, 2.853448441524117, 2.860077124392543, 2.8660334147866444, 2.8711368605375, 2.8762245591589592, 2.8814833686232477, 2.88711034317738, 2.8923561915211953, 2.896920072813663, 2.9000828345955, 2.9022996802824372, 2.90424208852486, 2.9073689931404725, 2.911911028734608, 2.9178059870847655, 2.924183615873153, 2.9310048256650405, 2.938198535367095, 2.9464210378192193, 2.9553601714947972, 2.96452103947776, 2.9728076765457323, 2.980226389131549, 2.9868324038439438, 2.993028480087243, 2.9983080273960465, 3.002791300917385, 3.0066189582656677, 3.0104701494281647, 3.013606540694223, 3.0148795353991242, 3.0128791899130043, 3.0076497404030946, 2.9990770848393695, 2.9870740905211948, 2.9707778315320312, 2.9503879905520156, 2.9264403449037366, 2.900039386402194, 2.8713055955183613, 2.8409273931090286, 2.8098189091187744, 2.779273802678844, 2.7491490656000432, 2.719909075620099, 2.69256740226788, 2.668362618132425, 2.6465418354951935, 2.626566960549155, 2.6085396638588203, 2.5932491764336003, 2.5795885481705043, 2.566498952310308, 2.5537854909983837, 2.542422054679732, 2.5319818802871716, 2.5223531254985745, 2.51392120066443, 2.507430864558875, 2.502113764956458, 2.498381145430657, 2.4972024444415744, 2.499120937920066, 2.5031008951276497, 2.509463613746944, 2.518632775155574, 2.5305223178133667, 2.544476061094038, 2.561399345590959, 2.5811956080117753, 2.602856494593677, 2.6252114519944802, 2.648252443278169, 2.6708652968783464, 2.6926499071706065, 2.7142261481853422, 2.7366163148065477, 2.7593761171207336, 2.7830088065125738, 2.8082263805157686, 2.835090515347286, 2.8630008672483473, 2.8927551074406663, 2.9241109347825165, 2.956034662407147, 2.9880256850739566, 3.020268758191573, 3.0512534257294046, 3.080307155052208, 3.1077838479264353, 3.133793172159707, 3.1580338808849415, 3.181690316249616, 3.204793159708596, 3.2266948293435154, 3.2472725829113607, 3.266397852035063, 3.282468508884657, 3.29550819180056, 3.3061362708049744, 3.314220877874002, 3.3196194763409075, 3.3230308920871834, 3.3237996061279045, 3.322285639476989, 3.319632240743545, 3.3156627821843734, 3.30921077831886, 3.3007189183816834, 3.289999236119767, 3.2770568194306184, 3.2625987038950885, 3.246818714965242, 3.2291029607856285, 3.210377464716039, 3.190652787338625, 3.1698287355175636, 3.1487896858802196, 3.1280726470676368, 3.107086049235043, 3.086891739803891, 3.067765590207941, 3.049492075406316, 3.032670235383868, 3.0176299631443606, 3.0033908887524086, 2.9901782351911006, 2.97713820062069, 2.9632882445609785, 2.9488728228226866, 2.934221496271377, 2.9192225111951897, 2.9053990003941483, 2.8930701402686427, 2.8826405806790705, 2.875095197124568, 2.8703793863888802, 2.86804986308714, 2.8691959212560207, 2.8734115874848136, 2.880577008009497, 2.890700471415185, 2.9028528418203154, 2.9165177254140557, 2.9318061532924964, 2.9474847224979523, 2.9636851353573324, 2.9801368975911244, 2.9959319253987466, 3.011164894824467, 3.0257692766875044, 3.0388218965077045, 3.0504909505132036, 3.0601293035057804, 3.0682452573660592, 3.0760277542385097, 3.083417416925822, 3.0904530249011843, 3.0974874570112925, 3.1035870973287105, 3.108816652290955, 3.112382298362268, 3.1136708712122005, 3.113413314444496, 3.1120728560162156, 3.1104162693552815, 3.109751990359908, 3.109953938779981, 3.1120925856990476, 3.116295075993086, 3.1220086171117565, 3.1298524532642737, 3.1396445566032423, 3.1511802864660345, 3.165118135808701, 3.1802521793285745, 3.1961539793928013, 3.2117915240126775, 3.2258722998831217, 3.238574887227942, 3.2492018164133607, 3.256997291897502, 3.262331799946909, 3.2641866170078617, 3.2628586181411166, 3.2585094615243464, 3.250981445872482, 3.241100571961652, 3.2286695189675325, 3.2137560416178492, 3.1970228131326026, 3.1777233729810197, 3.156590545488437, 3.13391264766468, 3.110215000210786, 3.08700059837118, 3.0645709419162794, 3.0438959003022896, 3.02591677037088, 3.010574360857904, 2.999146891397126, 2.9912659603586884, 2.987062298529203, 2.98696376117429, 2.990213989802289, 2.9971205766170073, 3.0071058390896965, 3.0193525885234034, 3.0344656846885067, 3.0520640867704634, 3.073049076194575, 3.0971671545281123, 3.1233565948242856, 3.1510626056323225, 3.1784295288743727, 3.2047017344875903, 3.2294122034086183, 3.2514330570174947, 3.2709139427648624, 3.286707439175929, 3.2986354819626027, 3.3067864396316327, 3.31102527995142, 3.3124965281772236, 3.311009917753191, 3.3067368727995317, 3.300362863840108, 3.2918706841798153, 3.2829548069634167, 3.274319098264551, 3.26710062909595, 3.262273193860672, 3.259528703235574, 3.2593823178359695, 3.2608899602912476, 3.2634852748034944, 3.267364606654519, 3.272082271400105, 3.278500101255543, 3.285830916672077, 3.2936100668176533, 3.301919173838247, 3.3104072410074132, 3.3200424639384014, 3.3306014304946765, 3.341955551335782, 3.3539047655230743, 3.3658506192231705, 3.3786300760964525, 3.391673903680756, 3.4048366283078644, 3.417414908126946, 3.428250611171172, 3.4375773467736535, 3.4445676320609087, 3.4492376254594164, 3.4509747469119043, 3.449022010876539, 3.444286448963177, 3.4369225027991965, 3.4279936975548497, 3.4173538633857667, 3.4048493705116747, 3.3913966978694465, 3.3769515329640165, 3.3622393248180873, 3.3467685446006517, 3.3308777037325537, 3.3154716996360247, 3.3003738959203197, 3.2864380442801018, 3.273308998750703, 3.261951466618919, 3.253171419252866, 3.2467749551856278, 3.2429889092180226, 3.2408014866229045, 3.2407571014336707, 3.242294305567599, 3.244408619296217, 3.246671454688388, 3.247892670554163, 3.2487561854507025, 3.2485972581810234, 3.2473493931341757, 3.2454900397453623, 3.243468455828955, 3.2428226346117173, 3.242943506275704, 3.244046701210813, 3.2458189066042684, 3.2481747781424817, 3.2512970524656213, 3.253955762711557, 3.256822786178028, 3.2594437296218315, 3.261820675765572, 3.263598020900632, 3.264184435187466, 3.26466145044506, 3.2640778378036805, 3.262532542859932, 3.25979679426074, 3.255960505616696, 3.2513963960059353, 3.2454526550941414, 3.2394395578069735, 3.2335978889864694, 3.2282561687414715, 3.2230221519103517, 3.2176648097037357, 3.213083687764606, 3.2084459790841255, 3.203649384927256, 3.1984868783135116, 3.1941533359244576, 3.1910247261194997, 3.1885180521078893, 3.187038604683651, 3.185941602570321, 3.1850809386087215, 3.1838496107379908, 3.183224071764327, 3.184138925949201, 3.1862590552759897, 3.1898230529512763, 3.194643531796612, 3.2013403633133573, 3.2086725496236745, 3.2161956489432635, 3.2235595072575967, 3.230192395400666, 3.2361642108019884, 3.2411640954229526, 3.246888731208721, 3.2535715493975528, 3.261967997344092, 3.272986062300479, 3.2869467590993504, 3.3045790693150696, 3.3257188664255155, 3.3521126092302804, 3.38316475619576, 3.418100535671108, 3.456140571714168, 3.496208416623382, 3.5376055636386323, 3.578791492809267, 3.6202148113401122, 3.6611543635596258, 3.701167016313227, 3.7400849102137004, 3.7772925282698044, 3.812247310789845, 3.8434816816057715, 3.8711238023346013, 3.89426754445147, 3.9122832978353, 3.9247198239710097, 3.931689905740325, 3.9334064605761814, 3.930090448972481, 3.923103624548511, 3.912521488896231, 3.8989289329756724, 3.8827605990079297, 3.864872913833834, 3.8450546018854315, 3.822718903978363, 3.7989885533692127, 3.774135001453101, 3.7493354050726873, 3.7246327758938165, 3.700387241282774, 3.6759067427156973, 3.6511861234690164, 3.6270500221655912, 3.6030374327422754, 3.5805792296713466, 3.5601419503357903, 3.5414440671066756, 3.523207212585648, 3.5058413221636657, 3.490182415649228, 3.475328425578957, 3.4621533364907706, 3.4510337371640074, 3.441810037183668, 3.433383366041436, 3.427091889449324, 3.424304059268584, 3.4259342595304423, 3.4323253804370926, 3.4424408386016414, 3.4557731011075172, 3.471834092448283, 3.491241400076392, 3.5136858317669475, 3.54015183401368, 3.5705815242212617, 3.6028635613200373, 3.6359289454224712, 3.669507904755286, 3.7040355300226726, 3.7384243064551956, 3.7734931958998716, 3.808405172087601, 3.841635812695207, 3.8719823109754095, 3.898983053104571, 3.9232349814013237, 3.9451111856980456, 3.9653101393524075, 3.9834015777998295, 4.000393990827236, 4.017019468369758, 4.033157284795629, 4.0484173468234985, 4.062536626974063, 4.075437553889942, 4.086898123331596, 4.098117821725583, 4.1083397483702075, 4.117404718124106, 4.125221527624782, 4.132355710148063, 4.138764907385309])
[Finished in 164.757s]
