[Command: python -u /Users/kawaisk/Documents/GitHub/Zakharov/Zakharov_DVDMandGlassey.py]
L= 20 Emax= 1
N= 20 dt= 0.050048724242734384 dx= 0.05
636

Glassey実行時間: 9.034170584003732
初期値に対するノルムの最大誤差: 2.1453949727856525e-12
初期値に対するノルムの最大誤差比: 7.476890940154892e-13
初期値に対するエネルギーの最大誤差: 11.0117711137766
初期値に対するノルムの最大誤差比: 2.822525225614791
各要素の最大誤差: 3.2495647877017455 5.018199337037568
各要素の最大誤差比: 2.126243796328768 0.43684888134015004

t: 8.0 , 1.1389436000107782 2.4377652556092504 , 0.7676824037363481 0.21806383312694522
t: 16.0 , 2.822952396147177 3.361049266600181 , 1.9030626794000207 0.3005773171777293
t: 24.0 , 0.4313713100773728 3.9850351143121996 , 0.2907528307669414 0.3564793357097698
t: 32.0 , 0.7774472638870693 5.018199337037568 , 0.46040954632780645 0.2480315905394718

(0.07074513975055297,
[1.8522962080339993e-15, 0.09286718212249231, 0.10521566441639175, 0.13312385783092925, 0.15128289589220997, 0.1771930355741348, 0.2007432936420544, 0.2290098417523208, 0.25757107630569237, 0.28942958711462485, 0.32276176468679185, 0.35849071770138724, 0.39623209421455685, 0.435821418328806, 0.4775227741653071, 0.520755289401772, 0.5660236357758671, 0.6125603255943813, 0.6610051076281506, 0.7105113081766548, 0.7617271369348007, 0.8138592368583096, 0.8674674195899815, 0.9218540247865706, 0.9774950253211416, 1.0337713805020596, 1.091070279418742, 1.1488790138944087, 1.207466344047658, 1.2664379902241059, 1.325959821924318, 1.3857253385803094, 1.445818500682725, 1.5060215922045481, 1.5663263739437319, 1.6266061438411166, 1.6867728320656221, 1.7467665465456705, 1.8064401264201917, 1.8657917442899299, 1.9246130556713117, 1.9829602297376399, 2.040571953137774, 2.0975471634544878, 2.153584883873207, 2.2088136846528825, 2.262905697483574, 2.316041712491417, 2.3678682632522414, 2.4185455678171377, 2.467641202457793, 2.5153771853528304, 2.56149826107028, 2.6063723392269256, 2.64952963318213, 2.690904358741189, 2.7298830414879673, 2.7670156402189447, 2.802529021858884, 2.8368433625832443, 2.8689512950963794, 2.8986316890053825, 2.925890918407863, 2.951619094843497, 2.975313434349797, 2.996858762045871, 3.0161407782492606, 3.0338974774039276, 3.049540436596137, 3.0630289653078075, 3.0743948138926305, 3.084242686481953, 3.0919346463195314, 3.0977521718847187, 3.10184078050053, 3.1044568207590637, 3.1050213774596345, 3.1041140168490693, 3.101656140860111, 3.0976112224808303, 3.091752293646832, 3.084690150200721, 3.0759567598572315, 3.06572431106188, 3.054073372182563, 3.04120653872371, 3.026705836657183, 3.0111229604969436, 2.99424884695708, 2.976120703987313, 2.9567479670574928, 2.9364510711053273, 2.9147797529407606, 2.8921528901071203, 2.8684431376067634, 2.843653324406004, 2.8177282195553173, 2.7909644689365996, 2.7629397448469355, 2.7339900740187932, 2.7039900872702227, 2.6729483152320714, 2.6408351898299256, 2.6078527734889683, 2.5736021781050784, 2.5384176430087857, 2.502151177027855, 2.4648655760806504, 2.4265672694097065, 2.3873123150029647, 2.3467128569700093, 2.3050552269143147, 2.262163493167264, 2.218284369352627, 2.1734504662647502, 2.127508258526652, 2.0801355727656903, 2.031621237654107, 1.9818811492023094, 1.9312694212236146, 1.879628653082085, 1.8268986548582649, 1.7732348117701497, 1.7189010204762216, 1.6636974198104015, 1.6079511117745158, 1.5516479723285292, 1.495157275546765, 1.4385091064811317, 1.3816161458307856, 1.324632971664297, 1.2680201873888115, 1.2116325665196017, 1.1558876863110914, 1.1009682397245442, 1.0473497475193545, 0.9952750544975454, 0.9449460559639843, 0.8967987003911447, 0.8514450728889094, 0.8088649761334696, 0.7699427041413133, 0.7352918549359503, 0.7056339530431722, 0.6817334561196133, 0.6645636545475914, 0.6550532728479389, 0.6537960483989588, 0.6608322597070396, 0.6765932083885985, 0.7003624234525536, 0.7313757890898327, 0.7688637745465208, 0.8118105008490268, 0.8592719210755076, 0.910475947531646, 0.9646080921232225, 1.0210740948798072, 1.0792505289610088, 1.1389436000107782, 1.1997784778015075, 1.2613382422111084, 1.3234297166925828, 1.385767789674711, 1.4480734156157902, 1.5102213740331694, 1.5720168491371411, 1.6333459982474952, 1.6940639215081434, 1.7540570816625445, 1.8131496178076922, 1.871177385255369, 1.9281438098106236, 1.9840254936380288, 2.0388189326552393, 2.092547085207477, 2.145119036064152, 2.196505700506114, 2.2467083867278537, 2.2956801726905924, 2.343392206030529, 2.3898478423211875, 2.435103053191729, 2.4791644198969593, 2.522028302556326, 2.5636711968113737, 2.6040466075934017, 2.643159678925298, 2.680997173362521, 2.717517346110818, 2.752738981252067, 2.786629273578968, 2.8191463884288157, 2.8502469122203484, 2.879912569115047, 2.908129816701943, 2.9348769138332673, 2.960134032451408, 2.983886475600467, 3.00612496308952, 3.0268404940400484, 3.0459876821211864, 3.0635648852856336, 3.0795460725962895, 3.0939089947480323, 3.1066560565924757, 3.1178080487040107, 3.1274037470430573, 3.135479671065108, 3.142059308892743, 3.1471715050723175, 3.1508432262216646, 3.1531214072945852, 3.1540364694684895, 3.1536141450105415, 3.1518449633227545, 3.148726479298161, 3.1442760866133947, 3.1385130943317243, 3.131473160172253, 3.1232111263772357, 3.113756019442759, 3.103144523205319, 3.09139868872059, 3.078554415506084, 3.06463594076848, 3.049677440063389, 3.0337189246334195, 3.0168034466766795, 2.9989493665073104, 2.980160506891169, 2.9604352486768732, 2.939761972958857, 2.9181382634281143, 2.8955953790698334, 2.8721672722384826, 2.8479026665123497, 2.8228566694237816, 2.7970910123392403, 2.770649187553232, 2.7435560582440974, 2.7158119344078573, 2.6873851202113928, 2.658233333253548, 2.6283349298819254, 2.5976653341906286, 2.566198531592643, 2.5338769062554816, 2.5006254443180755, 2.466346405660377, 2.4309675649118874, 2.394394331874591, 2.3565287810022646, 2.3173114842771825, 2.2766964325939254, 2.2346532501365806, 2.1911473955331746, 2.1461260461493556, 2.0995756613714414, 2.0514904467146993, 2.0018800437753925, 1.95078068948006, 1.8982374708629144, 1.8442676442741337, 1.7888850635802946, 1.7321386670300765, 1.6740727080567996, 1.6147354312807451, 1.5541590236684666, 1.4923861344195208, 1.429466639449152, 1.3654400868822465, 1.3004127470822093, 1.2345479064609959, 1.168015346125102, 1.1010084488908318, 1.033737742753781, 0.9664888210069398, 0.8996466892216294, 0.833758910691986, 0.7696045239224569, 0.7082790425890576, 0.6512807458737482, 0.6005707872668321, 0.5586612242057617, 0.5284281092445806, 0.5127563428859132, 0.5138012761298029, 0.5322456955549859, 0.5670433734400102, 0.6159395990554407, 0.6762548606126613, 0.7454036834060316, 0.8212008010931486, 0.9019458385841416, 0.9863498133373052, 1.0734643322058364, 1.1625558371959626, 1.2530535073069375, 1.3444718240774727, 1.4363807748539195, 1.5283839141299582, 1.6201322651307282, 1.71130424766215, 1.801592168540965, 1.8906871329639465, 1.978282898688513, 2.0640970466459545, 2.147870002955223, 2.229345794995395, 2.308275772173479, 2.3844348825819606, 2.4576246450131665, 2.5276384064277706, 2.5942539168035665, 2.6572465839573676, 2.716431271654539, 2.7716903506044974, 2.822952396147177, 2.8701700689104928, 2.9133149088789496, 2.9523647041407934, 2.9872854189064424, 3.0180267282594344, 3.0445409413252698, 3.066798200270942, 3.0847969591700313, 3.0985552710705755, 3.1081037642759597, 3.1134823818686184, 3.1147361109061373, 3.11192435140274, 3.1051251017521664, 3.094432609302277, 3.0799471029797987, 3.0617700460079393, 3.0400111875896316, 3.014786461479981, 2.986219388776247, 2.954443025935884, 2.9196131380442263, 2.8819034983560607, 2.8414914758709533, 2.7985515977725663, 2.7532413268972444, 2.705696275934336, 2.656032228305448, 2.6043503380394273, 2.550739513330356, 2.4952793391105836, 2.4380489194030774, 2.379127907863447, 2.3185907962538908, 2.2564949366944824, 2.1928892577356933, 2.1278216536238217, 2.06133444253938, 1.9934628451947203, 1.9242389324018512, 1.8537052753318013, 1.7819301118637452, 1.709011460502295, 1.6350483054402072, 1.56012477049168, 1.4843293393006456, 1.4077662596451763, 1.330575338826295, 1.2529176726444105, 1.1750087540845415, 1.097118096873274, 1.0195738967478924, 0.9427674593806795, 0.8671795558172899, 0.7934331319953738, 0.7224169191137613, 0.6553363548608901, 0.593813822404731, 0.540018492290337, 0.49674216621036466, 0.4672180367585763, 0.45449509144184436, 0.4603387562259427, 0.48445946487774144, 0.5246231974722027, 0.577724880700247, 0.640751814453785, 0.7113002082192628, 0.7874966666254644, 0.8679627363453908, 0.9516756105499216, 1.037843253500646, 1.1258448909243757, 1.215178293224534, 1.3054383406101566, 1.3962547954341862, 1.4872962454101375, 1.5782790493307943, 1.6689110259031519, 1.7589041879159264, 1.847940786459845, 1.935692591546911, 2.021841273365433, 2.106092580070777, 2.1881717706211377, 2.2678402531866255, 2.3448585138182794, 2.419018269442176, 2.490135194357344, 2.558042564207736, 2.6225890362450146, 2.6836233872041664, 2.7410040791463395, 2.794621052862579, 2.844394642159072, 2.8902745092177584, 2.9322356342064784, 2.97026285221254, 3.004327496507437, 3.034447966682997, 3.060643368740036, 3.082959241901819, 3.101442531266036, 3.1161402609301354, 3.1270886310550003, 3.1343132656711705, 3.1378586342404637, 3.1377739607049326, 3.1341076193562283, 3.1268929347783785, 3.1161314323249845, 3.101830316918923, 3.084001708209975, 3.062666798709747, 3.0379008268090733, 3.0098070060631006, 2.9784748969064836, 2.943999860468722, 2.90645570217173, 2.8659491394659486, 2.822556616877869, 2.776377450771022, 2.7275377836556407, 2.676165284528166, 2.622402831506759, 2.566406776390214, 2.5083203032458012, 2.448264838594496, 2.3864156422686937, 2.322887512910709, 2.257829490736153, 2.1914286553363067, 2.123803416143108, 2.055092599234234, 1.9854130151983962, 1.9149111212997352, 1.8436880431744096, 1.7718239076603752, 1.6994197947587188, 1.626578765767384, 1.5534080905961476, 1.4799755792848066, 1.4063891970611235, 1.3328048360900813, 1.2593128341581192, 1.1860430325325038, 1.113200897898762, 1.0407825276383826, 0.9690276422210584, 0.8981867052028778, 0.8286894505782105, 0.7609648422574685, 0.6955579903745771, 0.6334923006924106, 0.5759087507519279, 0.5245813637703497, 0.4816613684982756, 0.44964281320644833, 0.4313713100773728, 0.42895757889358316, 0.44246811182054174, 0.4706865300554763, 0.5117979343001541, 0.5625705992874828, 0.6210223475769003, 0.6851449449231825, 0.7535413590623865, 0.825297204333853, 0.8997096024882459, 0.9761895437521809, 1.0542641949886893, 1.1335656929011628, 1.2139602898569357, 1.2950972741272482, 1.376678363048899, 1.4585252201881924, 1.540517020732412, 1.622323817960298, 1.7036613422826232, 1.7845441536633433, 1.8648044292091643, 1.9442565194923425, 2.022793123831129, 2.1000369094592117, 2.1760029068989697, 2.250385096487215, 2.323140487689675, 2.3940293742079652, 2.462881149827485, 2.5293554574755284, 2.5932320223402168, 2.6544747152922565, 2.7129501830600513, 2.7684193617608672, 2.8207404664882376, 2.8697141700417608, 2.9151176699200314, 2.956936122247432, 2.994853718587833, 3.028501355580581, 3.0580177260515167, 3.0830601796682786, 3.1035342440012323, 3.1193044537389456, 3.130255816978816, 3.1361926833628697, 3.1370259978246984, 3.1326334703147665, 3.1229909248649195, 3.1077541694357707, 3.087134313932302, 3.061119006363338, 3.0296216842121133, 2.9924896492020077, 2.949904781567208, 2.9019911035128696, 2.8486401564353714, 2.7900746541971544, 2.7262462978202575, 2.6575110490275713, 2.5840159269088514, 2.505472030165709, 2.4224222485108546, 2.334714997943619, 2.2428238410040997, 2.14670640364076, 2.046787626481511, 1.9430908412772538, 1.8362095306179052, 1.7262699893341196, 1.6137112061133092, 1.499208220254948, 1.3836704791248207, 1.2674154794874044, 1.1515093831307153, 1.0376829954613596, 0.9272324294203219, 0.8252666910681367, 0.7362723103171918, 0.6627371376917822, 0.6148142893777715, 0.5994083887202787, 0.618431462874312, 0.6703431285197883, 0.7482574041490548, 0.8439054021758702, 0.9502204706950697, 1.0632011100751682, 1.1823463831469474, 1.3035172393501286, 1.4259533233625488, 1.547970638995047, 1.669280843028075, 1.7888172184810067, 1.9055095261953165, 2.018491241542356, 2.1273557370562046, 2.2328459051960023, 2.333838056366251, 2.430720974926502, 2.522732839817455, 2.6096978400365134, 2.6919999082589374, 2.768706913239904, 2.840014329505619, 2.905703069802522, 2.9657445724496516, 3.020170137444714, 3.0690641571151405, 3.111944205251049, 3.148923894627135, 3.179917505829234, 3.2052261962288595, 3.224871298458321, 3.2385634455357106, 3.2465342587704606, 3.2495647877017455, 3.2476574489317542, 3.2396204557983377, 3.2265572751189695, 3.208925220922877, 3.185658684616056, 3.157385043404412, 3.1244153799078735, 3.086163220051464, 3.0434616635386322, 2.9958337044118726, 2.943826254575812, 2.88746137286295, 2.8265322529797285, 2.7610017005613052, 2.6902772011903786, 2.615165516854976, 2.535892462227891, 2.4527556700221638, 2.3657408325703586, 2.2747177060882255, 2.180070528918089, 2.082331097513482, 1.9821458413663808, 1.8796251622400646, 1.7753638698389909, 1.6694567291275164, 1.5624148461685214, 1.4548368077578735, 1.347466374638254, 1.241179818349538, 1.137038911419044, 1.036582641179968, 0.9413631733154901, 0.8541251512984157, 0.778668116538733, 0.7196854166391208, 0.6813526165088849, 0.667248452383961, 0.6801549620774735, 0.7185715317506013, 0.7774472638870693],
[3.552243374979068e-15, 0.06129908154063167, 0.18512919090922217, 0.21361939855851247, 0.2590573425541151, 0.3025645042759311, 0.3431723654471603, 0.3928350818839795, 0.4451199885844774, 0.48425263384437883, 0.533036457203541, 0.5819773537115385, 0.6297079102358768, 0.678582056015267, 0.7285903865778182, 0.7818297931003385, 0.8311455460583166, 0.8835094313344501, 0.9354999053984377, 0.9888285230581557, 1.0431802526394376, 1.0989764870356629, 1.1507050141925323, 1.2049025173816754, 1.2586771532592937, 1.3157433740049231, 1.3681163176722895, 1.421387071623061, 1.472607913087834, 1.5244240244375271, 1.5756486026810361, 1.6269469276802675, 1.6726976732733752, 1.719407019244837, 1.7639511096433902, 1.8091613608182473, 1.8507620960655924, 1.8908143299572853, 1.9277646088098137, 1.964375170863194, 1.999187100708613, 2.033177489860855, 2.062576316179663, 2.0912477591657574, 2.1176407803154405, 2.143673676468012, 2.1669742332218496, 2.188324404734976, 2.207002652833831, 2.2246912148069033, 2.2408528945033557, 2.256123638780691, 2.2678416536152306, 2.278536068392472, 2.287273460371845, 2.295265677212473, 2.302055394042855, 2.3071371822457074, 2.310085554301709, 2.3120920224284323, 2.312525678898481, 2.3123536693068782, 2.3102404781718935, 2.307655912849224, 2.30447121351525, 2.3008223270656822, 2.296529733909921, 2.2911332905888955, 2.284473999240068, 2.2773157674425213, 2.2693717997077476, 2.261524787600872, 2.252966635611623, 2.244422080438593, 2.236073508827568, 2.227856062550691, 2.220202799733933, 2.2125483403793864, 2.2046149811616256, 2.1970593618375878, 2.1891297423038245, 2.181498665714909, 2.173651296107998, 2.1654959721115583, 2.1576943406476774, 2.1499289886409287, 2.1426532046305327, 2.135933114166081, 2.129368408773136, 2.123739243353457, 2.1187014526355883, 2.114507670143371, 2.111170256375519, 2.1083386974849754, 2.1063741356688888, 2.104940499173718, 2.104102188156301, 2.103809195314654, 2.1034226142149426, 2.1034837864166844, 2.1034725227016566, 2.1034495856910973, 2.103582337006005, 2.103176081364017, 2.102872436493623, 2.1024896526028187, 2.102108267315713, 2.1022899411135207, 2.10245066115748, 2.1031170197827724, 2.104476957795539, 2.1064892175427175, 2.1099183657197575, 2.114482310168769, 2.1204519682664786, 2.1278934244611825, 2.13634696593329, 2.146104697420831, 2.1566550719022297, 2.168033764600408, 2.1800908576167104, 2.192390212356101, 2.2050649459635254, 2.2173969383454404, 2.2291747328635765, 2.240118067239373, 2.249391635970874, 2.2573389617591006, 2.2636623895258365, 2.2685203052016454, 2.272524939969227, 2.2753040731851892, 2.277458192456106, 2.2789855141675295, 2.2797734952247373, 2.2804001652323964, 2.280638510016124, 2.280910048114625, 2.2816270541399333, 2.2828278320823254, 2.2852296567399817, 2.2887860054464695, 2.293863941107227, 2.3005926511766597, 2.3086996224249123, 2.3182975585959515, 2.3287641584949266, 2.3399807825135674, 2.351707050488472, 2.36321445718712, 2.374723919450611, 2.3856819610310773, 2.3959717141827115, 2.4057037973935573, 2.4142187245654205, 2.4217504055834613, 2.428053902256665, 2.432876744179681, 2.436359744831726, 2.4377652556092504, 2.437162382060838, 2.434512488191781, 2.429706268521785, 2.4232215757035336, 2.414864148604552, 2.404966286369365, 2.393772210576274, 2.381366819233045, 2.3684560198983142, 2.3551576478412217, 2.341978288506632, 2.3292158077340805, 2.316779360063308, 2.305164737840943, 2.294027288928824, 2.2835993979738176, 2.2741648958435894, 2.265417817443169, 2.2578230805313217, 2.2510804427324236, 2.244987957096577, 2.2397978138893024, 2.2349485014777537, 2.2308568243404214, 2.227509412938914, 2.224753050561035, 2.2230254015074307, 2.2220161550132347, 2.2220314477143206, 2.2232276583842054, 2.2255218089326223, 2.2292002026815028, 2.2339338874887513, 2.239812807596177, 2.246771718707932, 2.2544865191446, 2.263269472678638, 2.2726040142812427, 2.282492464915772, 2.2928089912829033, 2.302917552197217, 2.312849568211601, 2.321923855283133, 2.3298227024376357, 2.3366135940485613, 2.341760857557864, 2.3457068318506904, 2.3487646939598767, 2.3512583736886308, 2.3540549586533577, 2.3571364057835202, 2.3610779958456574, 2.36605208946873, 2.3719261548714523, 2.378769825688286, 2.3859329745847986, 2.3931958509534472, 2.400372063438199, 2.407408037479083, 2.414835103768073, 2.4227827615529693, 2.431606418194927, 2.4413371505303036, 2.451378563283469, 2.4617249800509966, 2.471694007140959, 2.4811514297071793, 2.4903378001297414, 2.4989459870210577, 2.5073259394118512, 2.5150824422479476, 2.5217386922774403, 2.52700855945568, 2.5302881048311003, 2.531830261782448, 2.532024336270104, 2.5311213367536562, 2.5297152633982183, 2.527709617669757, 2.5251034268129917, 2.5218778659701955, 2.518048309779118, 2.5143259395926876, 2.5109279942242093, 2.5083986675027865, 2.506826513896537, 2.5059566504358206, 2.506226863726931, 2.5076712687147995, 2.510834532733636, 2.516045978074034, 2.522771752521075, 2.5309299100761855, 2.5402384287704916, 2.550704394127253, 2.562702081087605, 2.5756935290770384, 2.589384730584559, 2.603289140735736, 2.6169351973641772, 2.630707870123535, 2.644417209605093, 2.6579709120925146, 2.670838549626254, 2.682742426541207, 2.694060848893288, 2.7048291561672877, 2.7152945930209293, 2.7252311677126086, 2.7342865420103437, 2.7426806186611348, 2.750476832318675, 2.7581470186334185, 2.7656668987557964, 2.772666871666459, 2.779508733417302, 2.786583490638641, 2.7943708134047114, 2.803286360830735, 2.8130828603212548, 2.8240041647555296, 2.8362564490274558, 2.849808817046554, 2.8647870831257047, 2.880470826230859, 2.8967662241684042, 2.9136515782316854, 2.9308923501476887, 2.9483598981819785, 2.965406437038677, 2.981919791782887, 2.99795279944105, 3.0135455246477236, 3.0288557233643743, 3.043502160705341, 3.0578150590138695, 3.072041377070399, 3.0861534228849212, 3.1002749599957675, 3.114046919927214, 3.1277767528664495, 3.1419262574079965, 3.1563923779699232, 3.171233983977561, 3.186397968969437, 3.2020395196476343, 3.2183701688239497, 3.2348472698887423, 3.2511065209894103, 3.2670391136675163, 3.282433963626493, 3.297166618734223, 3.310730954489325, 3.3229169731916954, 3.333852727679551, 3.3433365667682944, 3.351210179920151, 3.3570432734820317, 3.361049266600181, 3.36362315892023, 3.3648148983521917, 3.365021252273971, 3.364319052528913, 3.3631633374673457, 3.3617523828479583, 3.3596963617874795, 3.357325799953624, 3.3546667894455675, 3.351910867901213, 3.349191541298698, 3.346156001803809, 3.343203089090624, 3.340379021047128, 3.337523494366281, 3.3346786543772424, 3.331595844564891, 3.3284653805816964, 3.3250793260179665, 3.3210618924598294, 3.316495448552333, 3.311437000847434, 3.306074045286088, 3.3002919659469643, 3.2942189027806803, 3.2882873532330046, 3.2824111681979473, 3.276639945994516, 3.2710733144132083, 3.2658731101116993, 3.261287432607916, 3.2570724925833, 3.2533407144088717, 3.250369661914402, 3.247912096127458, 3.2459206385739656, 3.2443181245008774, 3.243164795652281, 3.2424631059469875, 3.241833515109724, 3.2414583608747445, 3.2415335297802756, 3.2418154537509722, 3.242220424520759, 3.242620724165839, 3.2432439674054803, 3.244068547591123, 3.2448381349986004, 3.245872170085306, 3.2472160483418246, 3.248774301579099, 3.2504402922569287, 3.2522198425943203, 3.254408617930246, 3.2567213246002518, 3.2590452895327355, 3.2616948297879715, 3.264579015690329, 3.267787834209728, 3.2713001577149297, 3.275436914623211, 3.280394320152875, 3.2858186059739287, 3.292031469158095, 3.299285391072526, 3.307461080629653, 3.316730298523292, 3.327150685747888, 3.338998255331759, 3.3521618749533437, 3.366417668211073, 3.382084873261956, 3.3988839437705347, 3.4164489886659286, 3.4346279293761577, 3.453229699905102, 3.4720355645796213, 3.490497042402355, 3.508571261749614, 3.526327097764255, 3.5433508553522577, 3.559682084382738, 3.5753133293082775, 3.590059908572383, 3.603604200241507, 3.615614262589243, 3.6263094589917855, 3.63539653565705, 3.6426314587518895, 3.6484221556502603, 3.6528574578465522, 3.6561133125654823, 3.6584309507165047, 3.6601526401253714, 3.6616900936247747, 3.663035078240684, 3.664670377335739, 3.6670418415973924, 3.66990249177612, 3.6733127239842394, 3.677279253953521, 3.681799013001611, 3.686732977672709, 3.691977678905016, 3.697878819914217, 3.7042513783899396, 3.7110253455837103, 3.718489613646788, 3.72656811068791, 3.735081110770095, 3.7437352907251213, 3.752363733072432, 3.7607396629649257, 3.768423874473408, 3.77575564070882, 3.782936124393199, 3.789859461898588, 3.7968247611322496, 3.8038215355889538, 3.810739110472744, 3.8172773322837124, 3.8232820315959257, 3.828796716760337, 3.8335265522872746, 3.8376439722722866, 3.8415182264803227, 3.845093104261375, 3.848477859830794, 3.8517826829441173, 3.855014509154377, 3.858035798310229, 3.860797069062877, 3.863668386451878, 3.8665534066943534, 3.869456274230115, 3.872676197532877, 3.876082422226812, 3.8795802560387513, 3.8830499034457158, 3.886553834827669, 3.890133362202235, 3.893690521268414, 3.897543317587721, 3.901624093579063, 3.9055427149799544, 3.909409440393155, 3.91318032141192, 3.9168645891552045, 3.920732875500826, 3.9250151491697243, 3.9298892917729744, 3.9351561798917474, 3.940968185147836, 3.947322380543963, 3.953943367956987, 3.961061022301222, 3.9687500925784014, 3.97680358877897, 3.9850351143121996, 3.9933369656035107, 4.001690445813687, 4.009930357396606, 4.018298507361973, 4.0271193341383995, 4.036169580396636, 4.045554360511798, 4.055303397737546, 4.065180842581266, 4.075326020792338, 4.085855465619482, 4.096824402594292, 4.108004163892267, 4.119306197175911, 4.130903321100368, 4.142604159886669, 4.154579646968788, 4.166963801586354, 4.179366848113279, 4.1915869164524375, 4.203502107983416, 4.214982751868082, 4.226026293758769, 4.236751624507016, 4.247288218369457, 4.257338306826187, 4.266996751182145, 4.276763030845525, 4.2866580378172445, 4.296968727150775, 4.307853146961949, 4.3190864684976935, 4.330630663382892, 4.3425663583982725, 4.355153362919296, 4.36825041097308, 4.3817413906507205, 4.395644881548495, 4.409696802623719, 4.424049286905916, 4.4388280540746665, 4.453664700754909, 4.4683421968568275, 4.482824011306379, 4.4971009612448585, 4.511168456873165, 4.52498727154452, 4.5384898277930965, 4.5512317730958465, 4.563084339798032, 4.57421599920546, 4.584473938485078, 4.59399715234302, 4.60283185994405, 4.610848602666415, 4.6182954435135155, 4.625468876671616, 4.632571045520078, 4.6395151152639, 4.646316998292424, 4.6531179023754285, 4.659664572747946, 4.666250589108178, 4.672875657550643, 4.679210586179797, 4.685399799687744, 4.691538840200319, 4.6976084276338534, 4.703660953067546, 4.709744615466449, 4.715966145073212, 4.72242156237087, 4.729481832020676, 4.737190940372286, 4.745117197970185, 4.753221266071113, 4.761438455669462, 4.769603847432897, 4.777896879735604, 4.78617208112286, 4.794197582822484, 4.80178810303037, 4.808960249833571, 4.8155969342545495, 4.821402176188759, 4.826398761150634, 4.830388248672717, 4.833276224759912, 4.835464137095531, 4.836798153679682, 4.837279186770985, 4.837066061959552, 4.836340787401385, 4.835282035219417, 4.834059381796792, 4.832662130344763, 4.831089853500337, 4.829328208460516, 4.827723880267777, 4.826136384276673, 4.8247367859469765, 4.823760154000844, 4.8229620444326455, 4.822154503800754, 4.821281560642607, 4.819998260799789, 4.818252374366233, 4.815918421796934, 4.812999231048526, 4.809449830415613, 4.805449678958203, 4.801080407701265, 4.796142226034607, 4.790848770408637, 4.785299426627233, 4.779416587486312, 4.773704906918936, 4.768371475615913, 4.763447771225493, 4.759248934414514, 4.756264268824293, 4.754518307980278, 4.753619799199182, 4.7537242558796695, 4.754667695909606, 4.756469541629201, 4.759509115270946, 4.763321627415475, 4.767586140694368, 4.772337170567581, 4.777085860604452, 4.781543958785706, 4.785317214818932, 4.7885806531065365, 4.791110749166064, 4.793415256767196, 4.795292261663949, 4.7969792615306375, 4.798437026878774, 4.800311281303224, 4.802316273372595, 4.804730672500958, 4.807474619997004, 4.81078618688692, 4.8150403474781704, 4.820353003409565, 4.826737560609454, 4.834432701773553, 4.843604867925867, 4.854370881392037, 4.8669619941392535, 4.881289578671963, 4.8974349562323924, 4.915081087172572, 4.9342042418884935, 4.954289244419568, 4.975085184606825, 4.996414373150861, 5.018199337037568])


DVDM実行時間: 166.89654108299874
初期値に対するノルムの最大誤差: 7.352474500343931e-07
初期値に対するノルムの最大誤差比: 2.5624022931293527e-07
初期値に対するエネルギーの最大誤差: 0.00016162469248248712
初期値に対するノルムの最大誤差比: 4.153373401897156e-05
各要素の最大誤差: 3.149679546085453 1.9023798034647514
各要素の最大誤差比: 2.109259055436797 0.17163812731658518

t: 8.0 , 2.2726347491868535 1.7235555551147845 , 1.5318244968881742 0.15417609636151697
t: 16.0 , 3.052701747376105 1.700560003959821 , 2.0579457077276953 0.15208041392592783
t: 24.0 , 2.013461821178526 1.183356710777677 , 1.3571132582827865 0.10585658647038865
t: 32.0 , 0.9096397011066985 1.39106438489854 , 0.538694804859628 0.06875532212972629

(0.07074513975055297,
[1.8522962080339993e-15, 0.09263628891571721, 0.1031508597790506, 0.1280622150593037, 0.14133539222329464, 0.16119119387247063, 0.17682825146699116, 0.19615611567196628, 0.2141753054052186, 0.23455561045884807, 0.2552314717938366, 0.2774342617346239, 0.3008347858053032, 0.3253322518923681, 0.3513689512640441, 0.3782887862458234, 0.40687337898983617, 0.4361249423045417, 0.4670422650267244, 0.49849824435953827, 0.5314681484215227, 0.5649053458454035, 0.5996737976524056, 0.6348219307665108, 0.6711267993934553, 0.7077463166931124, 0.7453139965136638, 0.7831747996211037, 0.8217929625340938, 0.8606658139016776, 0.9001432861686932, 0.9398569468817033, 0.9800234666133495, 1.0204308744635526, 1.0611629205893438, 1.1021361562779326, 1.143339435029445, 1.1847856883631807, 1.2263734441979366, 1.2682213047491986, 1.310132034676804, 1.352306912913538, 1.3944878759339872, 1.436929275260374, 1.4793119855977876, 1.5219403655230463, 1.5644452026389484, 1.6072076690576895, 1.649828892029673, 1.6926175032142263, 1.7350415511346877, 1.7775262767390403, 1.819816027187927, 1.8624933225021323, 1.9049103386616142, 1.9470006217111917, 1.9880018760421843, 2.0287566940350334, 2.0695975887282825, 2.1110478680349294, 2.1516928915238402, 2.1912665527564084, 2.22983705823482, 2.268526390352406, 2.3065820700966033, 2.3438285855389287, 2.380096879271655, 2.4162406918451835, 2.4514234340250742, 2.485559270045341, 2.518672679956072, 2.551428473728925, 2.5829774039573894, 2.6136332044944135, 2.643498881413311, 2.6727677095107145, 2.700705171446189, 2.7279368174432688, 2.75427720821845, 2.7796042378570505, 2.803642742710955, 2.8270127505070755, 2.8491396496463666, 2.870208861186104, 2.890278964710722, 2.9095288830345027, 2.927528206153105, 2.944850328615778, 2.961253318824679, 2.976778783273148, 2.99144691862814, 3.0055466774830824, 3.0186352711446918, 3.031119850237907, 3.042848546795778, 3.0538203880193295, 3.063979006517341, 3.0735717813593832, 3.082199984282301, 3.090171959348263, 3.097360026002751, 3.103778289989955, 3.109403687944459, 3.114390329780626, 3.118426601164456, 3.1218256180504684, 3.1244853448690972, 3.126474573147467, 3.1278076200020983, 3.128526152582633, 3.1283825878214366, 3.1276567365819923, 3.126258339402038, 3.1243739016746233, 3.121982101536493, 3.118955164524339, 3.115108856159128, 3.1106777362284004, 3.105598795204848, 3.100048061352165, 3.093854002699055, 3.0869641191040817, 3.0794352344923177, 3.071334061348677, 3.062466534236686, 3.052950493372908, 3.0427039030583276, 3.031824063513942, 3.020211664842318, 3.007767419346841, 2.994529002975049, 2.9806137683746097, 2.9658749297643294, 2.950421436535564, 2.934232588518811, 2.9173608948743777, 2.899751801731702, 2.8813494712545955, 2.8621662205165714, 2.842220464887859, 2.8213659325483977, 2.7997220049385443, 2.777274895250383, 2.7540260612763747, 2.7299901011429086, 2.705213364344049, 2.679725467389626, 2.6535046843000543, 2.6264887382710898, 2.598768164615132, 2.570224957118764, 2.540822219558178, 2.510562401688928, 2.479385794269444, 2.4472657444235275, 2.4142051139167506, 2.3801729496599457, 2.3452057066211958, 2.30931608727535, 2.2726347491868535, 2.2351677817810214, 2.1969165487523905, 2.157998576697843, 2.118455051529172, 2.078332194468034, 2.0377450685722156, 1.9967256216946905, 1.9553301219946877, 1.913565660332797, 1.8714407664980788, 1.828931398134131, 1.786061150203897, 1.7429912178274778, 1.6998124634007923, 1.6565989954754823, 1.6134293262414143, 1.570256552035746, 1.527153243061848, 1.4842271983218933, 1.4415034880507789, 1.3990689381525343, 1.357055793714097, 1.31561295274964, 1.274751717377012, 1.2344401733573045, 1.1946209204637872, 1.1552077626031718, 1.1162390357185707, 1.07770611677242, 1.0395916239539005, 1.0020359913120531, 0.9650097795423332, 0.9284922610194446, 0.8924889470795897, 0.8570885806372087, 0.8223731213981559, 0.788410504759033, 0.7553227293421098, 0.7233055342658606, 0.6926186626167331, 0.6635415681328695, 0.636294058966345, 0.6113176690835933, 0.5889526455652296, 0.5696254212489189, 0.5539058779707245, 0.5422653756124879, 0.534994792207699, 0.5322128713438069, 0.5338675908028538, 0.5399047550799079, 0.5500873981547558, 0.56406193094745, 0.5812781384269124, 0.6012859084604366, 0.6236205814585946, 0.6480117766534872, 0.6742597412917886, 0.7020961468383862, 0.7312679879327713, 0.7614904002753053, 0.7924064820105754, 0.8237826969400094, 0.8554112312809086, 0.8871388154801041, 0.9187869577293819, 0.9502312996700043, 0.9813516857767014, 1.012006486334146, 1.042067599356473, 1.071486905710114, 1.1002718437593966, 1.1284592344883722, 1.1561026126406884, 1.1832664254091563, 1.2099143688374292, 1.2360323630741732, 1.2615765825714693, 1.2864898458221241, 1.310721066651383, 1.334239317294404, 1.3570351289272589, 1.3791287080045926, 1.4005537419516296, 1.4213656651649447, 1.4416012536028997, 1.4613027482359038, 1.4804903591195502, 1.4991986912215787, 1.5174815977699907, 1.5354597060108184, 1.5532703325090997, 1.5710337644047798, 1.5888426941102711, 1.606746609222053, 1.624763597431099, 1.6429123227036768, 1.661212611662607, 1.6796993595273801, 1.6983952908701678, 1.7173073506508651, 1.7364409123812252, 1.7558342549100872, 1.775536523511389, 1.795561179116037, 1.815893834926577, 1.8365151900810799, 1.8574127331950434, 1.8785916691640692, 1.900071035345497, 1.9218705130381102, 1.9440087324001145, 1.9664911283413573, 1.9892992220022871, 2.012410590713332, 2.0358118541232115, 2.059505515480318, 2.083497614888956, 2.107781010054372, 2.132338153595473, 2.1571438195304617, 2.1821688025091976, 2.2073890048092517, 2.232788362786603, 2.2583579637802864, 2.284092433690514, 2.3099893363962063, 2.3360365541774017, 2.3622064258268005, 2.3884699662257076, 2.414809092352267, 2.441210876966594, 2.467670484001883, 2.494191157259744, 2.520767754004225, 2.547382973815288, 2.574000511469582, 2.600562706583853, 2.627003075245985, 2.6532572913318195, 2.6792736114157787, 2.7050047942268294, 2.7304051588125096, 2.755428878724248, 2.780025975559604, 2.804148688001548, 2.827748188518484, 2.8507725786711764, 2.8731698734933384, 2.8948978084933428, 2.9159166500732487, 2.936172738957843, 2.955599198412707, 2.9741370478816958, 2.9917590345555705, 3.0084615550653386, 3.024225962556526, 3.038998284179515, 3.052701747376105, 3.0652704675162807, 3.0766700566625342, 3.086893356228547, 3.0959558298238465, 3.103888465508045, 3.110719810539796, 3.116465331070321, 3.1211266490644927, 3.1246989087892993, 3.127174394784217, 3.1285476402122727, 3.1288186313942137, 3.1279916485421233, 3.1260724488265126, 3.1230700732695595, 3.119005953767479, 3.113918326820179, 3.107847891628105, 3.1008221862141996, 3.0928552546908383, 3.0839476154998358, 3.0740905668497898, 3.0632733909828067, 3.0514989952674116, 3.0387972267606465, 3.025225500296631, 3.010857445743365, 2.995769337014976, 2.9800241388353625, 2.9636696987835003, 2.9467428983769315, 2.9292729947090423, 2.911281648877925, 2.892794375904827, 2.87384125676627, 2.85445316930777, 2.834653968405542, 2.8144618359156026, 2.7938927157168805, 2.772959988624886, 2.751664754268502, 2.729998643049714, 2.7079578063634204, 2.6855505806847373, 2.662791694564742, 2.6396776021314508, 2.6161776861526485, 2.592260050270141, 2.5678984132826765, 2.5430779493958124, 2.5177793381973257, 2.492001455150832, 2.4657666141954437, 2.439106278936656, 2.412051916107237, 2.3846274511680856, 2.356846458040344, 2.328719894603713, 2.30024939952063, 2.2714355026016118, 2.242283752078781, 2.2128014278110015, 2.182993153323646, 2.1528682319828754, 2.122429500666706, 2.091679826400024, 2.0606064679294867, 2.0291992847488847, 1.9974441559481633, 1.9653416206947454, 1.932868602161143, 1.8999791487218756, 1.8666142441980886, 1.8326946911710695, 1.7981497376568507, 1.7629286470447492, 1.7269981142768236, 1.6903278125442345, 1.6528834536002137, 1.6146595581713823, 1.575626209621571, 1.5357476525887137, 1.4949692512213397, 1.4532413353520206, 1.4105421546635017, 1.3669112992906136, 1.322412562434679, 1.2771488863584965, 1.2312106288935012, 1.1847281726027776, 1.1378755055915872, 1.090810420830304, 1.0436611669020597, 0.9965326083304491, 0.9495708147837109, 0.9030174118535864, 0.857138133455825, 0.8121527835040043, 0.7682819021154936, 0.7258758026893131, 0.6853210792338873, 0.6472477569830982, 0.6123092410391429, 0.5811925997735345, 0.5545573394714896, 0.5329443541144647, 0.5167728655890549, 0.5063049492553496, 0.501733278761146, 0.5029929654762038, 0.509691732762586, 0.5213141274028799, 0.5373128904347144, 0.5572958917686722, 0.5809034862948286, 0.6077301151465879, 0.6374720564593029, 0.6697503235330949, 0.7039545129254675, 0.739629515780469, 0.776371006342714, 0.8139808090845, 0.8522533640925459, 0.8910830335032967, 0.9304346043711001, 0.9701666132092305, 1.0101580126682081, 1.050304598136908, 1.0905139171406413, 1.1306587400615609, 1.170723108671153, 1.2105554574872193, 1.2500263117311972, 1.2890848346636556, 1.3275461623575087, 1.3653641351302779, 1.4024976803483695, 1.4388961317491606, 1.4744802034425586, 1.5091939204115374, 1.5430317401871472, 1.57596838178765, 1.6080028755507887, 1.6391586099977258, 1.669487174367694, 1.699019215674997, 1.7277390207223209, 1.7556543849754696, 1.7828410522166542, 1.809214830030942, 1.8348434894913772, 1.8597145691257349, 1.8838031656363816, 1.9071298668879515, 1.9297128222655684, 1.9516396285751902, 1.972877185147849, 1.9934660611543364, 2.013461821178526, 2.0329139797114344, 2.0519077867343656, 2.070463265796069, 2.0885964592016366, 2.106381058255024, 2.1239329105659066, 2.141112701772733, 2.1580927454230143, 2.1748888609708747, 2.191477103182821, 2.2079047428811873, 2.224153494944404, 2.240206854919371, 2.256132297710736, 2.27196209117455, 2.2877550075175783, 2.3034852003950617, 2.319226806073248, 2.335061362264082, 2.350974748998752, 2.366959259190522, 2.3830716147068416, 2.399336056014714, 2.4156056325033584, 2.4318509581599668, 2.448277490198785, 2.4647418119769338, 2.481399205329486, 2.498081835987494, 2.514882911958516, 2.531798877236904, 2.5488872665846287, 2.5661873585702946, 2.5836759044636533, 2.6012509453613126, 2.6187691723368793, 2.6362987352053273, 2.6539935802209, 2.6717946635742806, 2.689632810879832, 2.7075808126068255, 2.725595364045672, 2.7436152100772415, 2.761790484274927, 2.779663688145407, 2.7974561619609055, 2.815243006026978, 2.8328824028539072, 2.85033141341861, 2.867659250897747, 2.8846723395697134, 2.9014263618232423, 2.9177504627059303, 2.9338035329300753, 2.949326306181304, 2.9643682452684414, 2.979099777319551, 2.9933685158134726, 3.007022254489119, 3.0201039911527343, 3.032897207694169, 3.0451550751376906, 3.0568715613099755, 3.068173167434802, 3.078864145230507, 3.089215718375387, 3.0986222838821305, 3.107342646684051, 3.1152851306200517, 3.122475350376043, 3.12874714192669, 3.1341907226686674, 3.1387244161159047, 3.1424755865119995, 3.1454446245493344, 3.147604023053501, 3.1489987027619524, 3.149679546085453, 3.1495049538295996, 3.1483332699838744, 3.146538277441548, 3.1439815071390327, 3.1405203458058057, 3.1364086376109914, 3.1307412952106968, 3.1240476181415824, 3.1169520859526756, 3.1087398089159755, 3.099361642418248, 3.089119549195162, 3.0775677281737748, 3.065097607416614, 3.051618951570558, 3.0379987382549944, 3.0233354049488415, 3.0074054335610976, 2.9905524862157384, 2.972641326898322, 2.953615223808629, 2.9331255550950313, 2.9117848509806823, 2.8895530704934638, 2.8669886599938335, 2.843286950339893, 2.8182922729096407, 2.7925667615327145, 2.7656265061484966, 2.738146674663088, 2.7095504936577237, 2.6800028983244797, 2.6499188972671877, 2.619125759507323, 2.587431264180174, 2.5551259083286126, 2.521982598767159, 2.4884553385554393, 2.4547645997000904, 2.420686771528905, 2.386186430400166, 2.3510627495267284, 2.315631339865145, 2.279688026879533, 2.2430595671507585, 2.205293384903619, 2.167713842408345, 2.13059787176487, 2.092254933864217, 2.0534845449902708, 2.0156708448229823, 1.9767824591734833, 1.9376961416767955, 1.8984345910909546, 1.858597440515853, 1.8188761047752628, 1.778947743161009, 1.7396984832926325, 1.7008739172068263, 1.662446137097353, 1.623913209562354, 1.5848174445664072, 1.5458060172988337, 1.5069658862779143, 1.4683389451794802, 1.4295114294026652, 1.3905055593576106, 1.3514972415395659, 1.3128733361332752, 1.2748326853430525, 1.237465925411378, 1.2008029425055968, 1.165022456165405, 1.1301747106378206, 1.0961916641364224, 1.0632352515836119, 1.0307764617850905, 0.9995429204945756, 0.9691597294941557, 0.9388207694731612, 0.9096397011066985],
[3.552243374979068e-15, 0.14622329157428, 0.22093806468104016, 0.2444545829032943, 0.27572457720747107, 0.3080270268454638, 0.3390711137692857, 0.3583648151612092, 0.3821344123986744, 0.40585495760000934, 0.4321065492403319, 0.45669024465632174, 0.4861150102705503, 0.5155126256084878, 0.5486801813713668, 0.583979615614965, 0.6231792410256484, 0.6613306087637992, 0.7024171881301283, 0.7460787656024302, 0.7918278450891197, 0.8352787861577878, 0.8802966744710525, 0.9271376490449372, 0.9745266111300716, 1.0187759538186274, 1.0634199485177427, 1.1090488012858215, 1.154210109648899, 1.1957879602716257, 1.2369896223536017, 1.278532485379621, 1.3189999765232552, 1.3558010027270135, 1.3918090382410988, 1.4277277416174958, 1.4623228499547214, 1.493435247413377, 1.523598427703075, 1.5534746788408373, 1.5820286636654375, 1.607438728287042, 1.6319429523021798, 1.6561063982842694, 1.6790785601457263, 1.6993332320344579, 1.718788386978519, 1.7378501692065893, 1.7558730491662449, 1.7716272899315362, 1.7867774606833235, 1.8015184664672483, 1.8152014077096321, 1.8267105848082394, 1.8375640952960175, 1.8480975976853202, 1.8580574979741435, 1.8664270172958168, 1.874116582339334, 1.881007480733594, 1.8867792771951863, 1.8905363850754358, 1.8935760683517215, 1.8963308557285241, 1.8988687962665338, 1.9003974830326502, 1.9016799799936883, 1.9023798034647514, 1.9022005367894232, 1.9002495830575765, 1.8972985356247256, 1.8933449892753857, 1.8886495171474968, 1.882854774367569, 1.877015590210586, 1.871197451129393, 1.8656231935366472, 1.8597089957824482, 1.8540652439012846, 1.8483319418173894, 1.8424617733707775, 1.8357384646817856, 1.8285855467891572, 1.8206924537447378, 1.8122497219514062, 1.8028700102860349, 1.7932637013683808, 1.7833655464496208, 1.7736013132535116, 1.7637259687455806, 1.754467734429609, 1.7457101518067648, 1.7377860343319729, 1.730303262319708, 1.7237554827012522, 1.7178384709336263, 1.7126993115442743, 1.7077775520717238, 1.7033325546816025, 1.698921114559492, 1.6946733636761766, 1.6900670037788086, 1.6853803170152084, 1.680180241501133, 1.6746908017049424, 1.6685673199864168, 1.6623658420934846, 1.6559969071764369, 1.6499011690532055, 1.6437614091122723, 1.6380307901887796, 1.63262449004135, 1.6281334491018589, 1.6244605365299711, 1.6221266307688653, 1.6208678510627468, 1.6208479898264636, 1.621639782356415, 1.6235036578602855, 1.626085352789346, 1.6296039348317868, 1.6337752752331054, 1.6389022720570692, 1.6446326561674312, 1.6511038404670926, 1.6578080977480054, 1.6646990285575496, 1.6711119710936204, 1.676978932438521, 1.6819487846364691, 1.6864342173869804, 1.690334744555394, 1.6940195860171434, 1.6972437460073357, 1.700176355067141, 1.7023728578386255, 1.7038156384519574, 1.7040333698877725, 1.7032233756220037, 1.7012239766234296, 1.6984652419090707, 1.694957031731134, 1.6912905891557135, 1.68764238855519, 1.684552798535923, 1.6819756530517727, 1.6802563545458553, 1.6792035585410252, 1.6790320065401199, 1.6794550264605024, 1.6805979806710187, 1.6821879154480937, 1.6844782827822282, 1.6873939535374591, 1.6912854619825899, 1.695943843730325, 1.7015720662595961, 1.7080244374981504, 1.715508506084242, 1.7235555551147845, 1.731887514295918, 1.7398136341656654, 1.7471619274620072, 1.7534200336394363, 1.7583974888148868, 1.7614724179775192, 1.762453015860491, 1.7609356319313187, 1.757079884191316, 1.7508454302952738, 1.742684685560476, 1.7327146310924089, 1.72139029010728, 1.7086976693030516, 1.694921114922775, 1.6799197354412565, 1.6639633602496444, 1.6470465521591198, 1.6296165084582361, 1.6117254282187687, 1.593673006539793, 1.5753260863610137, 1.55696301326218, 1.5385309906480507, 1.5203744212962629, 1.5026502983923933, 1.486054903299993, 1.4708603557846796, 1.4575721020610064, 1.4463623441204474, 1.4377542043394926, 1.4317523593266621, 1.4285982133792496, 1.4281785336542367, 1.4306198445198102, 1.4355867229849073, 1.443036301669922, 1.4525690478613265, 1.4639618892553008, 1.4766103776659463, 1.4902698213562386, 1.5044286409901184, 1.5188382782153342, 1.5329969121771674, 1.5467553361858306, 1.559697426810443, 1.5716824201017772, 1.5824080060690078, 1.5918783555737546, 1.5997723990346824, 1.605996704335906, 1.610392998874074, 1.6132691174301117, 1.6148764596744558, 1.6157816341602107, 1.6161209748456073, 1.615760166467385, 1.6140065796338756, 1.6105132581975408, 1.6051013948106811, 1.5982820365253372, 1.5905921419622235, 1.5826358060098296, 1.5742452007206107, 1.565143423621926, 1.5550324925669459, 1.544330079595723, 1.5334888902597148, 1.5228746679484422, 1.5119999481489876, 1.500316794024381, 1.4874527483659559, 1.4737509939846771, 1.4593273175634565, 1.4439851996609978, 1.4271276436596374, 1.4090050191892878, 1.39040836627214, 1.372215439225294, 1.3541835508672269, 1.335973806463471, 1.3176916764892483, 1.3002334072131274, 1.2837858394923305, 1.2679901813771985, 1.2523907029876165, 1.2376801123032732, 1.2245226001260965, 1.2129042708961055, 1.2019801391981983, 1.1918698411740372, 1.183223349047439, 1.1763201308249405, 1.1703910570046663, 1.1656027149367407, 1.162911112893989, 1.1627746379090618, 1.164191221820767, 1.1668225270595032, 1.1711102859580556, 1.1771795641794471, 1.1839388973022684, 1.1910949642341377, 1.19920782127882, 1.2085146918370073, 1.2181365725752487, 1.2280380392353025, 1.238633110903898, 1.2495353794771025, 1.2594148192767811, 1.2682140268234914, 1.2763075945121634, 1.283211684786455, 1.288132731731805, 1.2917177724660442, 1.2944102390902303, 1.2958431855584849, 1.2960996730092247, 1.2964700476637003, 1.2973037935946516, 1.2985371313372889, 1.3008594125433754, 1.3050589418152465, 1.3104361870354346, 1.3167760032663267, 1.3246875280740116, 1.3340989334458366, 1.3441126504486236, 1.3550427888832761, 1.3672109228750366, 1.3799208866868495, 1.3927651065729023, 1.4063914092687346, 1.420434967931314, 1.434293281794717, 1.4484815775371271, 1.463399380118311, 1.4781971940035292, 1.4927571635158474, 1.507243783403078, 1.520932776634712, 1.5334398060451109, 1.5453994690703339, 1.5564338161628324, 1.5662103334520443, 1.5755864059739193, 1.5849139134086978, 1.593683998711242, 1.6025169825720074, 1.6117471951013624, 1.6208958959936604, 1.6303486495290953, 1.6406259887905394, 1.6508754663004905, 1.660999597441768, 1.6714284765506748, 1.6816150941412265, 1.6912434507725074, 1.700560003959821, 1.7087484237305828, 1.7155560155259504, 1.7214945355945646, 1.72617500977954, 1.7294182290497178, 1.7320089184244285, 1.7335461439554531, 1.7336772040218495, 1.7329388575922646, 1.7310077677939222, 1.7275538077210877, 1.7233996703517158, 1.7184752369645215, 1.712744825257331, 1.7069492888905413, 1.700977966235847, 1.6948381505749894, 1.6893704962957885, 1.6841040442495698, 1.6786545398101442, 1.6732429458525933, 1.6670003804079294, 1.6594088452686995, 1.6506919281595647, 1.6401627866650008, 1.6281299595298806, 1.6153450629776298, 1.6013657280539948, 1.5865205542091756, 1.571327191982191, 1.5552828608462688, 1.538915011593404, 1.522314599318103, 1.5049419162789799, 1.4876283590730057, 1.47046248803715, 1.453028600425761, 1.436184051209047, 1.4197546164681982, 1.403675401314245, 1.3887032089706126, 1.3743864244792272, 1.3610123616034735, 1.3491086815840911, 1.337909611470304, 1.3277970781605803, 1.3186603326354704, 1.3096356112094931, 1.301274504758772, 1.2931422807627762, 1.2848401794402096, 1.2769770417365933, 1.2687803327859097, 1.260385605218672, 1.252169781671985, 1.243278938501799, 1.2343928033761984, 1.2252795000921302, 1.215144049541883, 1.2050094031293925, 1.1944902965742918, 1.1834170510303037, 1.1724842822137105, 1.1608214404249066, 1.1491138273941732, 1.1377237088358747, 1.1261925356620883, 1.1159629519552146, 1.1070123932261895, 1.0995216957331688, 1.094892395299643, 1.092449984463048, 1.0929396508345213, 1.0968651654529178, 1.103640768686475, 1.1143203977114848, 1.1284728084461881, 1.1457483483047268, 1.1665626322833573, 1.1894956330415993, 1.2147141460515472, 1.2418996745029725, 1.2701900046246661, 1.2999397446431655, 1.3301805730994636, 1.3605739275062871, 1.3909641908768686, 1.4199428369859608, 1.447700804124658, 1.473474032694505, 1.4966222508101013, 1.5172538653238297, 1.5343683016732228, 1.5482330738868708, 1.559044080781622, 1.5664637317931658, 1.5713499163237585, 1.5734700326065094, 1.5736400605443726, 1.5727001669056875, 1.5703594736379871, 1.567107740590706, 1.562393134094378, 1.5560594440800892, 1.5486171711923753, 1.5396219781403868, 1.530219170956231, 1.520772687784826, 1.5116524546639425, 1.5035624625688118, 1.4960085470141324, 1.489589024652403, 1.4842137459927214, 1.4796402500510097, 1.4768319359909792, 1.4751370185308053, 1.4748601853875904, 1.4755668759376537, 1.476664283242939, 1.4786122757951143, 1.4807660455236318, 1.4834421805388454, 1.4864287349271166, 1.4887728847537323, 1.4907904570190231, 1.4914450673411583, 1.491105325858398, 1.4899254174623908, 1.4877822767620752, 1.4852493146720442, 1.4813782441135428, 1.4761794789691713, 1.469950511127311, 1.4626984503602518, 1.4552669414820443, 1.4467661681322006, 1.4374569890581659, 1.4271303088668341, 1.4159994789977073, 1.4050922480383155, 1.3938567915734825, 1.3823657067351252, 1.370003467733631, 1.3566239484364222, 1.3433368080624637, 1.3294304305273064, 1.3155378454147952, 1.301065398834853, 1.286518546698849, 1.2732800801779527, 1.261277340565215, 1.2509228911746002, 1.2411656375982372, 1.2318978134045335, 1.2236173360458482, 1.215150019110475, 1.2063315205361755, 1.1955058713586657, 1.183356710777677, 1.1701769556052546, 1.1555931227383407, 1.140120724186686, 1.1232801927537635, 1.1067430786482704, 1.0912523603060202, 1.0767476013799164, 1.0639021693402013, 1.0522763858559028, 1.0440161289641865, 1.0384110326830058, 1.035172086254295, 1.034028073786371, 1.034548250019892, 1.0377788651348032, 1.0420909462346244, 1.0472178172927504, 1.0531667376163636, 1.059876146885873, 1.0680608871665576, 1.0759396917951793, 1.0845031619495955, 1.0933466653496404, 1.1027976767589396, 1.1123839380726246, 1.1209922026009906, 1.1297091462862046, 1.1377076116977527, 1.1450332910658103, 1.151276558624604, 1.1565205862245447, 1.1623537313052803, 1.1676745079005766, 1.1734857201826663, 1.1799914223451737, 1.1881887333913392, 1.197818063197529, 1.2081699681799234, 1.2204165906921491, 1.2343083576157778, 1.2496364087382075, 1.2654782396461168, 1.282086705568529, 1.300220903536483, 1.3186455358823617, 1.3373480377228766, 1.3558144151385616, 1.37488562539747, 1.3936646984828507, 1.4118805991473995, 1.4300013508184641, 1.4474903665705905, 1.4639794909422725, 1.4786330675227874, 1.4921680477157462, 1.5044799693282345, 1.5148909953467804, 1.5238472199337472, 1.5315337636042934, 1.5388683783987664, 1.545055608764891, 1.5510324432346405, 1.5567407880345983, 1.5619354218477928, 1.566410073472362, 1.5697189297283354, 1.5725299106574422, 1.5741040701981701, 1.5749901857857118, 1.5757206696210544, 1.5761784631674858, 1.5764928668776639, 1.5761324617590642, 1.5764762985196812, 1.576872864184099, 1.5779084556487795, 1.579876291990133, 1.5829522779725445, 1.586923945307769, 1.5910946595313853, 1.5959477108715128, 1.600698857339454, 1.6054655649817375, 1.6105466220308418, 1.6156718667862826, 1.6204504364889583, 1.6242579785629339, 1.6279935926491793, 1.630949728613653, 1.6336567977955339, 1.6364416134429678, 1.6397524924492104, 1.6426459067155117, 1.644926261324635, 1.6473963306742794, 1.6493858465077584, 1.6508650089775074, 1.6518879351730096, 1.6532552299167425, 1.6545526757852569, 1.6552430131279336, 1.6561301531335513, 1.656830886243946, 1.6580713639344715, 1.659134923612742, 1.660126380220241, 1.6601190866681261, 1.6593631575948176, 1.6579026316687662, 1.6551561744832608, 1.6522542296706404, 1.6494498741773769, 1.646158416034311, 1.6411941020265983, 1.6352972490625428, 1.6290722043093921, 1.6217941312140627, 1.6142138443022025, 1.6064974360659527, 1.5982877025556292, 1.5877857203696557, 1.575635833460969, 1.561961963492653, 1.5476229295181654, 1.532789872561366, 1.5172059559808342, 1.5012280551350026, 1.4850020450209769, 1.4689689302271445, 1.4528881782047562, 1.4383443041484347, 1.4256872679467827, 1.4140748901774498, 1.4036154731216768, 1.3943281357271904, 1.386329528802556, 1.378113090548131, 1.3708452119455936, 1.3638749695889036, 1.357419289585281, 1.3513815676738132, 1.346051634662427, 1.3415462534083125, 1.3381607200930268, 1.336430807998906, 1.3354965806342507, 1.3356281082209165, 1.3362494119569752, 1.336935987443503, 1.3374916636526335, 1.3382363126873673, 1.3394981004306896, 1.3414285031977118, 1.3455815526911503, 1.3507904066756715, 1.3576779214327392, 1.3663023093357318, 1.3776710423038072, 1.39106438489854])
[Finished in 183.782s]
