[Command: python -u /Users/kawaisk/Documents/GitHub/Zakharov/Zakharov_DVDMandGlassey.py]
L= 20 Emax= 1.3
N= 10 dt= 0.10009744848546877 dx= 0.1
318

Glassey実行時間: 1.3540784579963656
初期値に対するノルムの最大誤差: 5.031530747601209e-13
初期値に対するノルムの最大誤差比: 1.3425277335812595e-13
初期値に対するエネルギーの最大誤差: 15.005209289044469
初期値に対するエネルギーの最大誤差比: 3.137625206995581
各要素の最大誤差: 3.5407392842236063 7.304009434317668
各要素の最大誤差比: 2.074245180443534 0.11586333521473158

t: 8.0 , 3.1316135090897874 3.476694069843489 , 1.8515771842498778 0.058016477753642076
t: 16.0 , 1.2974691958891373 4.915928572495954 , 0.767141207877909 0.08203257976863913
t: 24.0 , 1.3360657248876184 5.78730653647897 , 0.7899526578466154 0.09657433839553409
t: 32.0 , 3.3991262013799872 7.304009434317668 , 1.7702428252983853 0.06635947500520059

(0.14149027950110593,
[2.3951255165516515e-15, 0.15563807879424227, 0.229692283225252, 0.323202875373518, 0.4260678087669277, 0.5403764626365184, 0.6682311611212503, 0.8042889905194975, 0.9521145165614703, 1.1053487751260223, 1.267677078023534, 1.4323929726485651, 1.6028363997992392, 1.7728331467927094, 1.9447619753184346, 2.113121150532375, 2.2796464907476697, 2.439321232816262, 2.5934120865569805, 2.737645306193749, 2.8729631809127953, 2.9959661324816067, 3.107730758478736, 3.2057570637092883, 3.291406607710089, 3.3631225435830836, 3.4225078983606103, 3.4687036965173377, 3.503455934803578, 3.526273124439563, 3.5387869156419467, 3.5407392842236063, 3.5336908635596176, 3.5173520160504714, 3.4925158170295885, 3.4585023158966606, 3.416651301773043, 3.3672786741105076, 3.3108559324263402, 3.245916172275079, 3.1725515541364437, 3.090646729823996, 3.000628002238641, 2.901859150182453, 2.7956099137578136, 2.682831592978427, 2.564380975850137, 2.4394867604966293, 2.307603287871004, 2.1687580103457984, 2.0248311282159555, 1.8770124681207898, 1.7280913779216134, 1.5803998983634808, 1.437586238139475, 1.3052912846007516, 1.1904727816936296, 1.0989333994792205, 1.0369521536272923, 1.0100140776733906, 1.0204555903312331, 1.06459444381679, 1.1371426395571804, 1.231947526595605, 1.343594704481367, 1.4666987493560337, 1.5967572799490688, 1.730566049503881, 1.866314536222984, 2.0019474333634117, 2.1353394530755843, 2.264624033274528, 2.3895051895540007, 2.510611129363322, 2.628210855380253, 2.7410821093679423, 2.848247711704052, 2.949344960896713, 3.044059585552118, 3.1316135090897874, 3.2113545940337396, 3.2823782429603323, 3.343496161523936, 3.3937635936698562, 3.4327618090524474, 3.460154680937606, 3.476002138820385, 3.480653361165265, 3.474531260246472, 3.458516214729747, 3.433546800952447, 3.399904972376463, 3.3575101948639468, 3.3055733526436253, 3.243221506009575, 3.1707543235014595, 3.0893154293940546, 3.000143561114267, 2.904240139321293, 2.8021522409930912, 2.694661078801266, 2.582811555082694, 2.4672615683866996, 2.348200067828719, 2.226026712450233, 2.1020556626398217, 1.977635469092855, 1.8526457119834943, 1.7270439517833567, 1.6034407643143225, 1.4863459097132128, 1.3797232214169417, 1.2861206648467551, 1.2093246640673574, 1.1545047293198891, 1.1259615390583313, 1.1265683326947258, 1.1562828982565336, 1.211820285840338, 1.2877034815264743, 1.3785024942800903, 1.4792094725786724, 1.5858958125984148, 1.6966686723046227, 1.809753403709892, 1.9232508274038755, 2.0364137157095845, 2.148963015390625, 2.2603721936315013, 2.3706915755359255, 2.4802269842282056, 2.588965565555869, 2.6967170545164048, 2.8028104742822952, 2.9064025810589387, 3.0070423390522225, 3.1040474415450032, 3.1963639751652457, 3.282081778326273, 3.3580232002159955, 3.420726965956841, 3.467728953309052, 3.4975045372361806, 3.5081797202329295, 3.4973405957494164, 3.4631266598616524, 3.4051899849345246, 3.32352278503566, 3.2178113515974287, 3.088300449916217, 2.935945345386355, 2.762451662516849, 2.571341178508647, 2.3680323748570355, 2.1588355906749337, 1.9500529018678199, 1.7495543625670074, 1.5672229634136914, 1.4130829998695245, 1.2974691958891373, 1.230252376073727, 1.2166408083958586, 1.2548411968615587, 1.3366108671265349, 1.450394299992975, 1.5854039033230112, 1.7339546163332882, 1.8903064950313926, 2.0499999781252876, 2.2102070017953674, 2.36880486791894, 2.5235977596364743, 2.672435450550721, 2.813228690663031, 2.944394988134478, 3.0642589381389507, 3.170556303061948, 3.261590162082283, 3.336701111789522, 3.3950141740957878, 3.434419580956679, 3.4524502942615167, 3.4479474111727617, 3.421402622725235, 3.3737163632516336, 3.3051768408730147, 3.2161155720211116, 3.1068991435405673, 2.977834234358879, 2.8302659183936107, 2.666725805071323, 2.4903161388279367, 2.3045902506692064, 2.1140789073234, 1.9245688259538967, 1.7423653101537326, 1.5735365924943148, 1.4245145205726664, 1.3025086079288235, 1.215998867269147, 1.1733698811432507, 1.1787478495152472, 1.23079390868698, 1.3239018907761284, 1.4494435045443128, 1.5989325806762915, 1.7650458601289898, 1.9408698039523224, 2.120075295582738, 2.2976571020750773, 2.4699277150083567, 2.63397598174347, 2.787149349220567, 2.9267034631574393, 3.05038379253224, 3.1570987410118514, 3.2463501185192953, 3.317411738404051, 3.369651123129694, 3.40233666479859, 3.41461867347038, 3.4058609094996393, 3.3758454693108524, 3.325202416208582, 3.2550545780233513, 3.166733586924723, 3.0620467853583366, 2.9428557493425873, 2.810508459531149, 2.666600359309221, 2.513887340852166, 2.3554090599037854, 2.1938518702821956, 2.031599986466328, 1.8710704184771993, 1.7154325341230747, 1.5694880711970407, 1.4400929231007442, 1.3360657248876184, 1.2672272073743434, 1.2420826396236015, 1.2640771639966066, 1.3303359389325677, 1.4344879524918932, 1.567603901487161, 1.7196503658500881, 1.8823856281609357, 2.049559907966282, 2.216981300164102, 2.3814676726615605, 2.539765624344067, 2.6888228330859483, 2.8269052882795895, 2.9528603251242256, 3.0655149343402517, 3.164120950784302, 3.248398119425863, 3.3174953855818297, 3.3697011916050172, 3.403342770433584, 3.416989633672053, 3.409082640724535, 3.3777371780547507, 3.3212979270274654, 3.2387473526442703, 3.1296206513084512, 2.994775799755691, 2.835593998587023, 2.6544859206727605, 2.4532379318198423, 2.2358590910309326, 2.0087755377548193, 1.781577313145376, 1.5711908044656686, 1.4024071583410787, 1.306137336054418, 1.3097041192975156, 1.4166637184339232, 1.6029599783748762, 1.8355935680705393, 2.086178801412914, 2.3341490293232234, 2.5678137388445235, 2.7791377833839834, 2.9622557545923267, 3.1133621493875787, 3.2324799052033457, 3.319244824268951, 3.3740857196638236, 3.3971327780459446, 3.3903019377313957, 3.3538672639201876, 3.2907455415737066, 3.2017870114830793, 3.0899936125914507, 2.9580309916272447, 2.807521539136224, 2.643011812112911, 2.464467964299338, 2.2757226542062305, 2.083407111775725, 1.8935155737829061, 1.7177966599598695, 1.5636489749493112, 1.4527498420998166, 1.4037154643985523, 1.422389798629032, 1.5098549935693857, 1.659963935666129, 1.8497219860157148, 2.0623367305538243, 2.284957630771985, 2.506176077309419, 2.7167885467028556, 2.90942849338227, 3.0782112967984396, 3.218379731028927, 3.3262939295088194, 3.3991262013799872],
[5.655640389997491e-15, 0.12790564968722495, 0.3827691842127296, 0.42936335356987293, 0.5465675145340164, 0.7232380849680963, 0.8575647841237063, 1.0359230683080891, 1.2201434252340546, 1.421049051325965, 1.6228192704252864, 1.821243388792271, 1.989577487868528, 2.160252684432436, 2.3162156476267812, 2.462957843478972, 2.578485715840944, 2.6758391189608317, 2.754397835230278, 2.822467007739506, 2.8787591334816374, 2.9148166490306204, 2.9381429509980297, 2.9531173426152733, 2.9586503354856744, 2.961565092029424, 2.9574028400710963, 2.9455987906276664, 2.9347827267203876, 2.9217365073415063, 2.910739750423482, 2.8993960220038453, 2.888329386817981, 2.881696232241576, 2.876117471640536, 2.873465954781034, 2.8745231569493237, 2.8802466022691138, 2.8931020729151773, 2.9048353110712526, 2.91594972620465, 2.929991766259309, 2.9474310101349226, 2.972970002825221, 3.0039686449789444, 3.0370776250110634, 3.066975505685867, 3.0892635608743766, 3.1085036845325384, 3.1274678976868757, 3.149541971071898, 3.176006680000997, 3.203540948278534, 3.233443051893639, 3.2625028848630024, 3.285238567026887, 3.300858270587594, 3.3087530964074308, 3.312023706373808, 3.312300299310775, 3.311861727107846, 3.3157317737733707, 3.323802667852587, 3.3365756988022937, 3.352435555979368, 3.3682593752079715, 3.383564294216482, 3.392075521176952, 3.3939471573513407, 3.388851501378292, 3.3778209259472214, 3.367256091986722, 3.356055111607859, 3.3458209094243587, 3.3433941010626085, 3.353442369114541, 3.3761597742587397, 3.405474005228496, 3.439329304189648, 3.476694069843489, 3.511468724350779, 3.544510887608743, 3.5727538787655733, 3.591667296420735, 3.6015050796020223, 3.6013261584315783, 3.5940279892692115, 3.5831509091862803, 3.5727212067615595, 3.568228046602063, 3.5706223351192965, 3.580382004529299, 3.5942727848320137, 3.606866399798833, 3.617993848670703, 3.6281473880410684, 3.639597918560656, 3.6531899364714953, 3.667899748500033, 3.684218751029171, 3.7007037616700975, 3.7172446917537316, 3.731212701504157, 3.741896614720711, 3.753104138204733, 3.76570423782773, 3.7790280572393553, 3.795808367837117, 3.820953480700808, 3.859152022283544, 3.906368287604019, 3.955985331950088, 4.006991889656466, 4.056578376545786, 4.100836868248453, 4.137513846220247, 4.165711331137527, 4.185945845931843, 4.196736624973792, 4.200438489005153, 4.197235831655569, 4.1842652568596455, 4.162987798432549, 4.132273683490914, 4.0928256140476105, 4.0477313306753535, 3.9975035241371084, 3.9474498198563053, 3.903591781593284, 3.871976131662915, 3.8580993123312193, 3.862136302821214, 3.881838477073987, 3.911540111343617, 3.947352027199843, 3.9884894415295156, 4.033580631036533, 4.084695699235136, 4.143437217213367, 4.208664833833601, 4.278978253451531, 4.3501955243835795, 4.423180926313886, 4.496569992715066, 4.56627117924018, 4.631856538334407, 4.6976476980581685, 4.768182336691834, 4.839957143369338, 4.906385979172754, 4.962402528787074, 5.004181428547122, 5.031419019674167, 5.045033232714931, 5.045099004291094, 5.033620376780087, 5.012162216928932, 4.983115029010846, 4.9498009721847, 4.915928572495954, 4.883336637040309, 4.851017252656105, 4.817922822507557, 4.785998859009982, 4.756061222278751, 4.731047885901823, 4.712087753024336, 4.699465098224107, 4.69491797747112, 4.695779016304725, 4.700990774084371, 4.711152031172518, 4.724406283357529, 4.741711796140171, 4.762638448649678, 4.7884064043816865, 4.819470898601089, 4.853416524108387, 4.890598824394477, 4.931843506091243, 4.976181846337127, 5.019130531899173, 5.0553727999329245, 5.0856088672390705, 5.111199849271119, 5.1316475125323375, 5.148390259748058, 5.16329352448127, 5.178267014204043, 5.196837426897682, 5.2191795036283395, 5.241589084041293, 5.258475149920023, 5.2668055830853815, 5.261333461388676, 5.239347691822867, 5.20620123969085, 5.167172556932458, 5.127936183805321, 5.095346683809222, 5.074357061439173, 5.068178042927222, 5.078396740982591, 5.104395655084386, 5.144238526581314, 5.192233373334528, 5.2431758491864375, 5.291288576106392, 5.332203729563501, 5.364459299872051, 5.388198920629818, 5.406162148417223, 5.421148671963492, 5.438462646068011, 5.462508780423781, 5.490496678411984, 5.5224558199107845, 5.5613665296841255, 5.605921076348166, 5.653167123214484, 5.698524292838447, 5.7400897545417475, 5.774175092349075, 5.798271818478768, 5.814188574309793, 5.8197034212367225, 5.812951077548248, 5.796580978748101, 5.7734266445472535, 5.748425450876601, 5.7266836266941015, 5.710407396027991, 5.699994665918643, 5.695298467346092, 5.698741281098204, 5.710952250698337, 5.730221386595764, 5.7564166656717415, 5.78730653647897, 5.818717695899822, 5.847853356608994, 5.8723596353450045, 5.8928462681996985, 5.909994215714105, 5.926035660694127, 5.941463510291674, 5.95489772989073, 5.967920005647734, 5.979865902134657, 5.988033179816186, 5.993399285238714, 5.997551682763036, 5.998986017667334, 5.995443499024234, 5.988910544846881, 5.983038164514476, 5.98095365059781, 5.987937198437118, 6.005312409961444, 6.030213732607228, 6.062114979063202, 6.098779098585887, 6.137133483302334, 6.17203507397906, 6.20098338810156, 6.223696974431259, 6.239922010618707, 6.255101061435199, 6.273849984331714, 6.298180552012761, 6.332763363152678, 6.377939183881685, 6.433118981509969, 6.497643282822046, 6.56744201378432, 6.639562609980852, 6.711829809706172, 6.779586274372518, 6.835852437462629, 6.877682569417532, 6.904982090281498, 6.915976424052489, 6.910847322902353, 6.895702638067178, 6.874060542992473, 6.847927954806708, 6.817740715577134, 6.785942298959258, 6.754724969007309, 6.724369335263865, 6.696377438697707, 6.669654948718977, 6.644002123531231, 6.621342493524974, 6.601027126008314, 6.583490863880168, 6.569365207349726, 6.558082455559704, 6.551523185623828, 6.5508684988028305, 6.556429566681533, 6.5705414745023845, 6.5952519796692535, 6.629771941113895, 6.671200963235044, 6.7187250478063, 6.770780270997106, 6.824388114232238, 6.877708854926223, 6.929095048197869, 6.9774541824105105, 7.024821936133917, 7.072354864495688, 7.118581032204898, 7.161544512379872, 7.200219648878694, 7.23639132364741, 7.271536325547473, 7.304009434317668])

DVDM実行時間: 19.380742665998696
初期値に対するノルムの最大誤差: 6.697060208615824e-07
初期値に対するノルムの最大誤差比: 1.786929170176831e-07
初期値に対するエネルギーの最大誤差: 0.00016710613221082582
初期値に対するエネルギーの最大誤差比: 3.5359623123305685e-05
各要素の最大誤差: 3.5636904505013303 4.274790595529735
各要素の最大誤差比: 2.103414347643117 0.06873858098831559

t: 8.0 , 1.1319333469002004 2.7210091562713803 , 0.6692594578253629 0.045406171498253656
t: 16.0 , 1.9567154603297763 3.4199352525683504 , 1.1569269362746577 0.057068793265125324
t: 24.0 , 2.2047433619777697 3.504475720430619 , 1.3035607801483853 0.05848012749808652
t: 32.0 , 2.9645231704750348 4.274790595529735 , 1.5439043924976026 0.03883796457650967

(0.14149027950110593,
[2.3951255165516515e-15, 0.15259270199326955, 0.21156238289497345, 0.2812198332209829, 0.35194194078316143, 0.42682399285227474, 0.5101843563008918, 0.5968750769262021, 0.692828877073169, 0.7906141551969194, 0.8970211069758492, 1.0040186285863197, 1.117899449809789, 1.231674534290902, 1.3507018388955656, 1.4689926191538125, 1.5912040213547902, 1.7121021011033646, 1.8353536479215036, 1.9565992202260292, 2.0785185084600872, 2.197249459457012, 2.314856280323693, 2.428041197009617, 2.5382790223839686, 2.6429258327408602, 2.7432374838157148, 2.8371006212962855, 2.925692800480079, 3.007477693504984, 3.08351003049706, 3.152796066923445, 3.2166062415762284, 3.274106862742529, 3.325845284786232, 3.371165117018506, 3.4116695323803468, 3.4476963422319664, 3.479587427331816, 3.5058149399994067, 3.5266198860097333, 3.542334944627323, 3.553716470764364, 3.560480625315184, 3.5636904505013303, 3.563367768822037, 3.5591216903711205, 3.5494796546382252, 3.5335284878720263, 3.5112399227559052, 3.4836640104670105, 3.451125912754321, 3.414253074452667, 3.372679020350657, 3.326255555109302, 3.2749625263759845, 3.218823264293557, 3.157242924746629, 3.0902118965411756, 3.0181711917659446, 2.941809067040692, 2.861219581753667, 2.7769277295097874, 2.6894143212143855, 2.5991612499454173, 2.506157642703222, 2.4102457210457384, 2.3117772710340327, 2.2114692605089297, 2.109420369855617, 2.005249474465805, 1.899350300729912, 1.7936583632202032, 1.6902736254947106, 1.5894729131102794, 1.4899650296629476, 1.3922833441464, 1.2987925316185613, 1.2115415719549634, 1.1319333469002004, 1.0613821398161345, 1.0001175238990505, 0.9487791146792208, 0.9105537822257609, 0.889042808362401, 0.886916412202407, 0.9061088180989506, 0.9455573291783574, 1.0024415025656996, 1.0744536569929173, 1.1578055204869842, 1.2479638558161135, 1.341767917926644, 1.4368237212601513, 1.5327505320961534, 1.630986810002906, 1.7322145516689946, 1.835543381128385, 1.9392418825968014, 2.0416306391719035, 2.1420397004557845, 2.2400892833229036, 2.335313801282345, 2.4275634116673315, 2.516832696395337, 2.6032334532261343, 2.6862303490234147, 2.7652342531596217, 2.8406105640072945, 2.9124320646859023, 2.9796489496973995, 3.0412137287846446, 3.0973311646352277, 3.1488872100177554, 3.1962531673163435, 3.2395500976062173, 3.2787669865809543, 3.313563281825357, 3.344076819268382, 3.371019610133851, 3.3948498701061367, 3.4156290424743747, 3.4335989275590637, 3.448804994475588, 3.4607163798998193, 3.4694298665534933, 3.4756481854965906, 3.479959739988642, 3.482979146439892, 3.485166253010782, 3.486546882373351, 3.4869589456390284, 3.4861568994636043, 3.4839317345345564, 3.4805073704919116, 3.4759277875556234, 3.4695602937030907, 3.4606956180377266, 3.4488396856726093, 3.4338559693567885, 3.4160014750221626, 3.3949609491045574, 3.3695179838868325, 3.3385483995713816, 3.301472539552633, 3.2578250112277654, 3.206712793999031, 3.147462537203721, 3.0806685158486062, 3.0070455239630123, 2.926783516582012, 2.8401501594046925, 2.7472220489047845, 2.6474570997960285, 2.5406719457360936, 2.428260043907144, 2.3123750442559103, 2.1942721095002446, 2.075124796396342, 1.9567154603297763, 1.8406136680255998, 1.728689390986744, 1.6226007793103112, 1.5231914495013423, 1.4311320029707537, 1.3466640574184663, 1.2690141763294274, 1.197345099701121, 1.132219103020675, 1.075198822206914, 1.0285498408182885, 0.99495956672984, 0.9757159675762989, 0.9715889416202564, 0.9831276795587492, 1.0091618852659308, 1.048300138596581, 1.0990506038663346, 1.1602309396957926, 1.2325260267559206, 1.3164098419160792, 1.4085606405546216, 1.5038592684460752, 1.5997939880426153, 1.6969775167244046, 1.7967383098041119, 1.8988055626025655, 2.001537921921182, 2.1031785366520195, 2.2021535400274517, 2.298413850575291, 2.393123642292628, 2.4865713868880532, 2.578108830769108, 2.666900010701728, 2.7520409469888523, 2.8329028385279837, 2.909351415814318, 2.9809968398500915, 3.0469619245290067, 3.1068448174491943, 3.1611534162145585, 3.210228753525942, 3.2540656936729033, 3.29323614625591, 3.3283443063597278, 3.359795850940973, 3.38780925831396, 3.4119040613794533, 3.431456276556542, 3.44648907353556, 3.4573413398884933, 3.463828466504879, 3.465412938336326, 3.4620334885842112, 3.454393408279592, 3.442973306294475, 3.426947827178256, 3.4052374463436483, 3.3783042123489517, 3.347137653335722, 3.311784546954963, 3.2720346996058725, 3.2279938820487364, 3.1798604890215447, 3.127565853916981, 3.0710277516712328, 3.010437036346837, 2.945652389920571, 2.8765779852816973, 2.804260285694572, 2.7302633152954296, 2.655541308031265, 2.5805167150473833, 2.5051726140506396, 2.4291499128248764, 2.353065058725922, 2.2781037370912203, 2.2047433619777697, 2.133053594700488, 2.0634450115189114, 1.9964863116499787, 1.9319142988388605, 1.8689006063038007, 1.806208667047517, 1.742973140543292, 1.680382219229385, 1.6205822233672118, 1.5644676359860066, 1.5112069252699034, 1.4607813305949684, 1.414406829554065, 1.372823593070596, 1.3340778360562748, 1.2963157033906536, 1.2613861598440337, 1.233335578026933, 1.213897289651945, 1.2021169565821785, 1.1968511838832507, 1.1971852291324505, 1.2023918744272635, 1.2127922614771456, 1.2292398437723235, 1.2513428895982002, 1.2780498303720804, 1.309162988777322, 1.3457366129924226, 1.3892782391776373, 1.440422469858776, 1.5012296879785412, 1.5693696169879456, 1.6434913137008471, 1.7226170131324923, 1.8071598032941532, 1.898480386171495, 1.9957339656358366, 2.0974631964932096, 2.2016311259423023, 2.305846747071428, 2.408594618360351, 2.508393774921626, 2.605524017009865, 2.700779369748104, 2.7925128241616277, 2.87779805025189, 2.9569206100078955, 3.029067972796056, 3.0934760143143585, 3.1502161497366545, 3.2010183383165653, 3.2456181364146666, 3.286868814026859, 3.325139616370373, 3.3603507663778154, 3.3903928473791587, 3.4160688943905284, 3.437616071051303, 3.4565424308249177, 3.4738785733927546, 3.4876677095222792, 3.4992597053809003, 3.507639226242511, 3.5123828955506, 3.5135418292028233, 3.508803719413457, 3.500540419127166, 3.4866805299961174, 3.466640139554617, 3.4399735150930115, 3.407062219244347, 3.368699844497596, 3.3245355466335327, 3.2750068412165034, 3.2210202981441025, 3.1630168455665606, 3.101453249366943, 3.035399941331519, 2.9645231704750348],
[5.655640389997491e-15, 0.25301215129806415, 0.36324109242550384, 0.37035581586375915, 0.4339595783009116, 0.5049362270703414, 0.6150630886128753, 0.7583670445994792, 0.9313169367062483, 1.089179453829757, 1.2537232266490796, 1.424930714688864, 1.590820174067408, 1.729156439243743, 1.8570233199985802, 1.9779337876341703, 2.086533619511645, 2.171441045432163, 2.2460359482351975, 2.313329320659834, 2.3716955901745385, 2.414104903367508, 2.449803798416433, 2.4797246229154806, 2.5039269381928975, 2.517561630898357, 2.5272254427063876, 2.5326806750575224, 2.5353236814473736, 2.5317526668981722, 2.526956753786399, 2.519989870478475, 2.51319023172599, 2.5041432226828744, 2.496370733156907, 2.4871628410863797, 2.478850362407807, 2.4718963440576642, 2.4715561714677072, 2.472428180932406, 2.471683193402603, 2.467452090010669, 2.4659882815215655, 2.468587243687723, 2.480471379609947, 2.498008710019807, 2.5183481817888156, 2.534284379553371, 2.5450734090162284, 2.5501735406213095, 2.5565241578979343, 2.5653054492970964, 2.5803789072836296, 2.5992361095958545, 2.622639034470902, 2.6464496362345264, 2.669131925498316, 2.686249270503894, 2.6993473101899847, 2.707170335838306, 2.7122940637335002, 2.713698845954435, 2.7149362139686852, 2.715659772889951, 2.7185443356711443, 2.7227018129628107, 2.7309189505620752, 2.7412664699720413, 2.753581845749616, 2.7640856625855124, 2.773360778340285, 2.7797188136937128, 2.783508095889094, 2.779922506708053, 2.7691866509674163, 2.753956533624037, 2.7415999376040863, 2.7318493772210064, 2.725283625835186, 2.7210091562713803, 2.72214827335085, 2.7289888522308314, 2.745087582186791, 2.768026213585141, 2.794903869435795, 2.819456245825604, 2.838892463900446, 2.849691892676642, 2.8533298063522743, 2.8493090942372334, 2.8408520886967317, 2.8289161013057944, 2.815353061794289, 2.7991178333764526, 2.7814811447186965, 2.7619561954592706, 2.745675217941175, 2.7364985013754626, 2.7397757076049527, 2.7563353899934007, 2.785687100309489, 2.8228047274485917, 2.8631996791969696, 2.8990502070828397, 2.926994956450393, 2.945786312537926, 2.958534618225658, 2.9653646977801786, 2.969297438532088, 2.974218970637201, 2.9838570287286514, 2.9946682774256983, 3.005030386330245, 3.015967373732544, 3.0312507015588386, 3.048938130781638, 3.0677774935686126, 3.084649481617397, 3.0982703998994725, 3.106152965426044, 3.107552817274765, 3.0997137527350738, 3.0828642396734747, 3.056075241541386, 3.0180900038847915, 2.966434491327771, 2.9060431772534168, 2.8433593527858902, 2.785671941063708, 2.735252792674972, 2.6945279316956956, 2.6631946901631696, 2.6405089300248434, 2.622282390186499, 2.6094403093830687, 2.6035304340552763, 2.6051798315345676, 2.611748795050711, 2.6264846792405305, 2.652348965115467, 2.6902606577629924, 2.7356699076502253, 2.786311940323128, 2.838753538292489, 2.8914595153197435, 2.9437338408174254, 2.9972054748934793, 3.0512600972292376, 3.1094134657719024, 3.17171481831969, 3.234017717673712, 3.2897975415076663, 3.3373972892563293, 3.375680935298233, 3.4052175157788565, 3.4263862477099116, 3.440168291468586, 3.443230817016288, 3.435893450635286, 3.4199352525683504, 3.39717930232679, 3.3683661500512048, 3.336066348360614, 3.299790556244398, 3.2602482045166346, 3.218883905768624, 3.1787394747502016, 3.1414856590231284, 3.110239801300896, 3.0840925244397868, 3.061982241941716, 3.0427153414388446, 3.027029761788744, 3.015173024380445, 3.0104696135117894, 3.0137171466242587, 3.025987305793533, 3.0478354386009308, 3.0788712958689106, 3.113086001256641, 3.1450482802110042, 3.1709147694313993, 3.193308965446753, 3.2125611815225907, 3.2261859720359234, 3.2330807808489888, 3.236201931234762, 3.237216367466811, 3.2404904365135128, 3.246596416750234, 3.255688600142595, 3.2683477146112545, 3.2867300518904425, 3.311705362757851, 3.3412711954964913, 3.3686492395649905, 3.390315702510063, 3.4003633092984016, 3.3969111342092613, 3.380317658754517, 3.3509405780941495, 3.3117249570315046, 3.2672857793817616, 3.2206818092852054, 3.179075741868908, 3.1462492588186803, 3.1282221458941177, 3.1271059027378123, 3.141617896164882, 3.170379759700487, 3.210007926946504, 3.257790645231062, 3.309957786704497, 3.357316789314463, 3.3972622558430423, 3.427007409589219, 3.447579490195151, 3.4578298874053908, 3.4543870492575466, 3.440795827831063, 3.4234552246712187, 3.408531414105552, 3.401533157989661, 3.4027627775344254, 3.4146499065000313, 3.433070500360628, 3.455440800016876, 3.4801733634595586, 3.505155567354809, 3.5304476515915924, 3.5541922931889443, 3.5748855283684873, 3.590525558975872, 3.5975038225351845, 3.596904491407282, 3.585634007941533, 3.564963776917226, 3.536559131460137, 3.504475720430619, 3.4744702302666597, 3.4471267494776363, 3.4233291845245444, 3.4035943741083705, 3.3900374969732443, 3.3854368410256863, 3.3872580151428915, 3.3957444294019075, 3.4052597190246003, 3.413231623343125, 3.4178184202734125, 3.4185956881658894, 3.416817468595037, 3.4129406495136987, 3.4108932353439627, 3.411897540188471, 3.41533853788353, 3.4188854033478533, 3.416964022469846, 3.4094325585038354, 3.3947845719024787, 3.3781971744631973, 3.362062306989748, 3.347840722919476, 3.3369020682672597, 3.3298674750080055, 3.3284588562498305, 3.3304923824224564, 3.3368135736182105, 3.347166501109528, 3.3584966856330767, 3.370344907898934, 3.383402081256203, 3.402648809669763, 3.425152881922555, 3.4521551709947147, 3.4869828301554313, 3.5334138016094916, 3.5934385899615893, 3.6667871153451355, 3.7521724165161827, 3.84081695034901, 3.9239008201924643, 3.994296652648863, 4.048274447013427, 4.084776888060112, 4.101976614686263, 4.101631969263788, 4.083116013871737, 4.051465945142378, 4.0103002370478205, 3.9625204526370332, 3.9094675650218003, 3.8559718107804355, 3.8087811452568143, 3.766961536779788, 3.7293948208282948, 3.696367866380244, 3.669290179800943, 3.6472192037220728, 3.632316741359057, 3.6295909510366715, 3.6392636488930474, 3.6615767037979263, 3.694011777092735, 3.7379585505762143, 3.7902450462584354, 3.8489035092493853, 3.9100233991584186, 3.9708630257519046, 4.02888167138952, 4.0804276240047805, 4.124822931377966, 4.161749581848492, 4.193414568791541, 4.219010725148533, 4.238456622466504, 4.252651315358922, 4.263267071308203, 4.274790595529735])
[Finished in 23.574s]
