[Command: python -u /Users/kawaisk/Documents/GitHub/Zakharov/Zakharov_DVDMandGlassey.py]
L= 20 Emax= 1.3
N= 30 dt= 0.03336581616182292 dx= 0.03333333333333333
954

Glassey実行時間: 32.23060520800209
初期値に対するノルムの最大誤差: 5.814504433487855e-11
初期値に対するノルムの最大誤差比: 1.55940814603243e-11
初期値に対するエネルギーの最大誤差: 18.71729147809056
初期値に対するエネルギーの最大誤差比: 3.069662380196658
各要素の最大誤差: 3.686802292578844 7.505331698284116
各要素の最大誤差比: 2.093266637261197 0.1179671386061641

t: 8.0 , 3.309937841913887 3.4523926992940654 , 1.957011397097417 0.05761097178676386
t: 16.0 , 1.3546628486203682 4.90101246278983 , 0.8009575080867332 0.08178367319046129
t: 24.0 , 2.0559033919291707 5.940824358463469 , 1.2155591008483995 0.09913610431277853
t: 32.0 , 2.1916101142916244 7.505331698284116 , 1.1380756165615187 0.06631334618266001

(0.04716342650036864,
[2.9035139518199437e-15, 0.11143332691592238, 0.12629305443095382, 0.16020425725976623, 0.18014191975457702, 0.20968424469057242, 0.23388732287773173, 0.2638087660960238, 0.29184341056556473, 0.3236911080891104, 0.35538043815772596, 0.38971489621591465, 0.4249321606264823, 0.4619739055365389, 0.5005051968253069, 0.5403294013941017, 0.5819302161128836, 0.6244770184887454, 0.6689283898271285, 0.71403976158075, 0.7611234106704722, 0.8086220253705872, 0.858081196261377, 0.9077858256504018, 0.9593668327473153, 1.0110569441549568, 1.064524206279513, 1.117958488558761, 1.1730601707775483, 1.228004155612588, 1.2844736257525449, 1.3406800390449904, 1.39825169301997, 1.4554534846710117, 1.5138616382048384, 1.5717856576230012, 1.6307511216403716, 1.6891234744758767, 1.748358047410225, 1.806896737774999, 1.8661160629664995, 1.9245283382330327, 1.983444755304796, 2.0414397608077035, 2.099758923030452, 2.1570478688978705, 2.214477627771199, 2.2707684731948246, 2.3270229463528507, 2.382027143197241, 2.4368249090400207, 2.490264414670796, 2.5433306500226, 2.5949385659276616, 2.6460132538360823, 2.6955375989329515, 2.7443871261945447, 2.791596410882759, 2.837984928922829, 2.882645653267973, 2.9263891757831115, 2.9684078126669644, 3.009427944279519, 3.0485607762052624, 3.086433707855418, 3.122399193781323, 3.1573860999674315, 3.190823621281487, 3.223073191575942, 3.25300430263977, 3.2811774378626475, 3.307618643741046, 3.3334807063280967, 3.3578659705140046, 3.3805709620486892, 3.401030309440537, 3.420394931025508, 3.438290171175993, 3.4547425051016, 3.4692621331822187, 3.4828605143175504, 3.4951050163389565, 3.5059450095426348, 3.5150095387175417, 3.5231933653725265, 3.5299448657857506, 3.5353308379437234, 3.539299295649784, 3.542509769911933, 3.5442427901148226, 3.544831211145303, 3.5443218892399146, 3.542924000288738, 3.540006874577988, 3.536198907923236, 3.5313109729612497, 3.5253187089395577, 3.5180388339075566, 3.5100705240407946, 3.500877288790551, 3.490708374689737, 3.479618690442306, 3.4677395532940216, 3.454659503252001, 3.4409322310792776, 3.426240059324664, 3.4106124185056714, 3.394042411356014, 3.3767632468009037, 3.358286297024196, 3.3390325283772326, 3.3188147144450264, 3.297604090752609, 3.2753570843557456, 3.2523432761809223, 3.2281369006518794, 3.2031041987968902, 3.1771109228050114, 3.1501570848289275, 3.1222157440497234, 3.0935237081808267, 3.063702060732087, 3.0331074877438886, 3.001600741051943, 2.969187179605614, 2.935849935733781, 2.901718201808467, 2.8664876854554637, 2.830540204890528, 2.7936927584328646, 2.7559922018028593, 2.717390842846546, 2.6778886144561413, 2.637306955840453, 2.596081684394994, 2.5540303047846664, 2.5112916512657883, 2.4676997007623287, 2.4231462147720104, 2.3776644613235463, 2.331680556412863, 2.2850145539702047, 2.2378372229320873, 2.1898726796384493, 2.141225364675775, 2.0921314928107586, 2.0427204658231592, 1.992711378283775, 1.942357810486944, 1.89151874614928, 1.8404803676121881, 1.7891820324116554, 1.7377318409778908, 1.6864151860005543, 1.6355658159330069, 1.5849022299192652, 1.5346855350038324, 1.484853567600377, 1.4357223632850218, 1.3873041224819886, 1.3397849775556367, 1.29363087159625, 1.2494476627446474, 1.207220343073638, 1.1675926961769951, 1.1307648013531784, 1.0970964087004345, 1.0666383062064297, 1.0396257408751721, 1.0163435765900652, 0.9970735837026667, 0.9817508104146211, 0.9711059919547521, 0.9651318196355215, 0.964005580846852, 0.9677955123570192, 0.9765470071224337, 0.9899599887603482, 1.0077297820053723, 1.0293889620447372, 1.0547748478688102, 1.0831271612239126, 1.1142418193327184, 1.147783726649128, 1.18341044131975, 1.2208873974700858, 1.2601455769142809, 1.3009250860446995, 1.343145077453132, 1.386593602044628, 1.4313279764603368, 1.4770611590388885, 1.5236321255405347, 1.5708718588848125, 1.6185691666576703, 1.6665735622790179, 1.714853357238657, 1.7631561719243387, 1.8113767574895245, 1.8593493102267877, 1.9070584443137542, 1.9544288628898123, 2.0014915219705895, 2.0482687713726686, 2.094709580490678, 2.140732021809079, 2.1863226942765817, 2.231381860921863, 2.2759935286896193, 2.320175819013153, 2.3639152337854563, 2.407133143493501, 2.4497765502134516, 2.4917848072405624, 2.533129019549004, 2.5737933554596504, 2.6137885388116384, 2.6530764896136176, 2.691719766383499, 2.729679831105253, 2.7669264728471292, 2.80346042440563, 2.8393038772171635, 2.87447061225817, 2.908958017791589, 2.942711038639798, 2.975716319468468, 3.007966895049494, 3.039503874902839, 3.0703218797224148, 3.1004493984941845, 3.129864085736309, 3.1584957752238085, 3.1862741544608006, 3.213125180181071, 3.238962107534521, 3.2637364788105456, 3.287392851408282, 3.309937841913887, 3.3313699137806285, 3.3516804686844415, 3.3708237769293894, 3.388769970995044, 3.4054650959537414, 3.4208295446172627, 3.4348017608373347, 3.4473449150430575, 3.458430845264195, 3.4680861059223114, 3.4763291220619377, 3.483218315376265, 3.488805344853317, 3.493131900463647, 3.4962180031682863, 3.498062632227542, 3.498641412781854, 3.4979507160175975, 3.49599019019523, 3.4927385388918295, 3.488155097766733, 3.4822471142401503, 3.475044301781889, 3.4666155653470185, 3.4570126632379248, 3.4462693371752384, 3.4344035352181335, 3.421416037126056, 3.407306330515881, 3.392081761780428, 3.375729170962261, 3.3582408323672395, 3.339591390675317, 3.319746835494878, 3.298672715283485, 3.2763710251884457, 3.2528657439057076, 3.228209720078734, 3.202477157330613, 3.1757389868815613, 3.1480428077702887, 3.1194088100928017, 3.089846158274829, 3.059370042217882, 3.0279771568826868, 2.9956851897424444, 2.9625163542351656, 2.9284915679803993, 2.893620169464731, 2.8578971859278566, 2.821298568785191, 2.783809193737341, 2.7454502097818296, 2.706285716810837, 2.6664042055037838, 2.625900260130158, 2.5848382821929525, 2.543265523374609, 2.5012068006501504, 2.458703709020606, 2.4158093932187366, 2.3725781792337757, 2.3290393185242335, 2.2851905638175025, 2.2410281192209376, 2.19657408425011, 2.151861455350759, 2.1069422611784456, 2.061873069076692, 2.0167124205098887, 1.9715124208723918, 1.9263236125706666, 1.881176130380064, 1.8361014350848301, 1.7911425542567094, 1.7463658791517351, 1.7018728207783314, 1.657786325885631, 1.614256098540468, 1.5714482379981878, 1.529507748005643, 1.4885161838281438, 1.448462439264723, 1.4093494824809252, 1.3712467165336073, 1.3342697833185315, 1.2985251470756953, 1.2641251366779895, 1.2312422358422133, 1.200157688371478, 1.1712296568378986, 1.1448209788308759, 1.1212346229146113, 1.1006855910278037, 1.0832941346271834, 1.0691284034597437, 1.0582488038987716, 1.0507809118049733, 1.0468900715550602, 1.046733492603238, 1.0504124192176352, 1.0579403451672937, 1.0692758053403728, 1.0843061098078126, 1.1028380132932492, 1.1246506421268578, 1.1494708782195127, 1.1769600977726569, 1.2067448143950026, 1.2384498815944605, 1.2717307737915435, 1.3063295043637824, 1.3420809621190999, 1.3788926585981267, 1.4167157548543712, 1.4555169569187982, 1.4952624666672814, 1.535876115207666, 1.5772282223641902, 1.6191752601027536, 1.6615582451412705, 1.7042109194389574, 1.7469973385301776, 1.7898071956398733, 1.8325627017016608, 1.8752182500211785, 1.9177108617489718, 1.959943902953644, 2.001807220428695, 2.043257124385768, 2.0843383698426683, 2.125142554284514, 2.165713763950841, 2.2060218610595395, 2.246008699283163, 2.2856537551159484, 2.324945552551675, 2.363845241605126, 2.402337173237037, 2.4404155918187955, 2.478081090800535, 2.5153645976282273, 2.5522781242422434, 2.5888344592117116, 2.6250591514671893, 2.6609761814334387, 2.6966201345662384, 2.7320410450887103, 2.767261475698331, 2.8022413465760176, 2.836936554219033, 2.8713267875351254, 2.9053950877891337, 2.939101648432344, 2.9723982658295216, 3.0052276159370996, 3.0375536173745483, 3.069351582133844, 3.1005894664601192, 3.1312485429495123, 3.16129217224497, 3.190649461887119, 3.2192512403743745, 3.247030131073124, 3.2739385686957134, 3.299942252919696, 3.325026138934444, 3.3491707930745065, 3.372338971215671, 3.3944661748317744, 3.415462991388863, 3.4352245661539467, 3.453638200352011, 3.470586582019904, 3.4859545979798585, 3.499626790461081, 3.5114905482723593, 3.521440772933954, 3.5293732990891336, 3.535206202905633, 3.5388833658465075, 3.5403507931817244, 3.5395567143176447, 3.536441496482927, 3.5309259164349838, 3.522913580390934, 3.5122996781599913, 3.4989797909097113, 3.4828722639339356, 3.4639254618597373, 3.4421098525452605, 3.4174111546273167, 3.38981848853243, 3.3593200751923016, 3.325902181777815, 3.2895497205946227, 3.2502461704130248, 3.20797965003413, 3.1627296231905593, 3.114475116506637, 3.063219963184101, 3.0090172066861096, 2.9519744198365414, 2.892215395102947, 2.8298520932100635, 2.7649793353769168, 2.6977130877793027, 2.628241409447088, 2.55683262869924, 2.483791127652444, 2.4094039856068497, 2.333929484641017, 2.2576203025292596, 2.1807499652057, 2.103587645941597, 2.026378559624484, 1.9493784742935352, 1.8729141909623541, 1.7974307699325711, 1.7234800822597196, 1.651683948115814, 1.582695278280162, 1.5171702764106403, 1.4557574941305522, 1.399126861947082, 1.347994938940616, 1.303095172358723, 1.2651288045154403, 1.2346955118476435, 1.2122450115180519, 1.1980423995546279, 1.1921345747030425, 1.1943822225889464, 1.2044946600567799, 1.222053024048044, 1.246517887696436, 1.2772442651569451, 1.3135292429724998, 1.3546628486203682, 1.3999652814552608, 1.4487974780953545, 1.5005742197308363, 1.5547570275295406, 1.6108466131632908, 1.668387832339967, 1.7269650840141069, 1.786216228877683, 1.8458367575638035, 1.9055828615475918, 1.9652675495547542, 2.0247390523274853, 2.0838705249227534, 2.142554829136106, 2.2007027696735464, 2.2582377638185753, 2.315097851109524, 2.371243962030327, 2.4266605797975562, 2.481347017069664, 2.5352988142527866, 2.5884969681782874, 2.640894812164476, 2.6924115274003517, 2.742944742913747, 2.7923815180868563, 2.840614523489395, 2.887549069359515, 2.9331091374223925, 2.9772400173373703, 3.0199010980037526, 3.061056489278193, 3.100662946987808, 3.138668739785788, 3.17502665235917, 3.209706612689179, 3.242681298247779, 3.2738947413187987, 3.3032660561777907, 3.3307162756389017, 3.3561978487866053, 3.3796909844864365, 3.4011753049969666, 3.420611278156514, 3.4379368581909673, 3.453081747039375, 3.4659818118192613, 3.476588511755683, 3.4848759104626654, 3.4908314579863062, 3.4944355178137485, 3.495646323351286, 3.494402485348868, 3.490630167428306, 3.484250304355002, 3.4751978935998813, 3.46344233266356, 3.4489963026213304, 3.431897296936235, 3.4121865108029064, 3.389902078196734, 3.365080176724493, 3.3377544484443447, 3.307943689118563, 3.2756456192409766, 3.2408464272714936, 3.203530667952903, 3.1636876573212898, 3.1213199628994412, 3.0764529578876787, 3.029135032776087, 2.979434507223999, 2.9274347831408063, 2.87322281868518, 2.8168787578575722, 2.7584751245119072, 2.69809531139839, 2.6358477994771903, 2.5718628292393904, 2.5062881786598785, 2.4392885847069175, 2.3710410456527526, 2.3017194809582144, 2.231475724419882, 2.1604504371030604, 2.0887943700436953, 2.016692089801728, 1.9443816062905745, 1.8721529204159313, 1.8003402494730767, 1.7293173519124085, 1.6595134030113545, 1.5914188816519537, 1.5255613936129881, 1.46247539312497, 1.4027031593876031, 1.3468355266979488, 1.2955442050548407, 1.249560125190357, 1.2095921932595828, 1.176223806881736, 1.1498704603350534, 1.1308107600484378, 1.119221124320863, 1.1151740149794478, 1.1186108295980122, 1.1293415166297145, 1.147049728921848, 1.171297030060399, 1.2015468304262709, 1.2372182646449787, 1.2777332137793678, 1.3225315995506275, 1.3710678483486516, 1.4227901221044865, 1.47716311755737, 1.533696123273536, 1.5919621657975074, 1.6516047391603037, 1.7123149083590754, 1.7738114224226071, 1.8358299736248263, 1.8981387675985582, 1.9605557744736422, 2.0229428331958377, 2.0851864707864016, 2.1471860199779513, 2.2088503638476684, 2.270099085558976, 2.3308589795912913, 2.3910561590877846, 2.4506071560809577, 2.5094079819058126, 2.5673312397765717, 2.62423620466185, 2.6799879099176884, 2.7344614494925703, 2.7875534427219155, 2.8391906277873074, 2.8893245026605867, 2.937909953777175, 2.984874324283532, 3.0301149172606165, 3.0735105798928255, 3.114932802677789, 3.1542581882901515, 3.191386406470537, 3.226247052970956, 3.2588106107754227, 3.2890753767296492, 3.31704568036185, 3.342718283984084, 3.3660693811630393, 3.3870663274875024, 3.405679315454889, 3.42188731017462, 3.4356659969935746, 3.4469828600360657, 3.4558125514233713, 3.462143774187145, 3.4659678139647507, 3.467257397063738, 3.465960401816659, 3.462017112192586, 3.4553848689813824, 3.446052275962282, 3.4340347146448846, 3.4193487716258075, 3.402010197299774, 3.3820403699854737, 3.3594810185667194, 3.3343799369534985, 3.3067902582413105, 3.2767661736396563, 3.244344206944535, 3.2095492030904786, 3.172401091144476, 3.1329369068351456, 3.091206514462824, 3.0472566762463926, 3.001115122567034, 2.952790307486195, 2.902297135170415, 2.8496969924571607, 2.7951027333528886, 2.738661831574051, 2.6805525386146587, 2.62092680945878, 2.5599139695213915, 2.497623494675726, 2.434168859121154, 2.369699634912758, 2.304390845960582, 2.2384252576540375, 2.17199205093755, 2.1052882953941485, 2.0385019862030607, 1.971790732606616, 1.905313289136723, 1.839259476583229, 1.7738721278422993, 1.7094541977513182, 1.6463341019399302, 1.5848676238032078, 1.5253935520903703, 1.4682674261825766, 1.4139037814612039, 1.3627676877715995, 1.3153664476538267, 1.2722009704773056, 1.233783030671412, 1.2005260804971043, 1.1727997824801795, 1.1508521224601693, 1.13481680349508, 1.124776333849382, 1.1208332005582329, 1.123113151778842, 1.1316616237768355, 1.1463962227811277, 1.1671316461669898, 1.1936061139419696, 1.2254729041449592, 1.2623131783328805, 1.3035824954251995, 1.3487595823729308, 1.397367170041589, 1.4489739491271303, 1.5032776575756313, 1.559904365277266, 1.618468241738604, 1.6786332866124158, 1.7400579830699074, 1.802419891981321, 1.8654352415702498, 1.92883440717878, 1.992398909192657, 2.0559033919291707, 2.119150195547161, 2.181934213336912, 2.244128968108884, 2.3056288668897773, 2.3663396811100137, 2.42616453041221, 2.485004877842606, 2.5428013674370438, 2.599448268994683, 2.6548795832277072, 2.7090458030904903, 2.761898532545726, 2.813376334728128, 2.863412478838543, 2.9119382538334784, 2.958856032527861, 3.0041249180687446, 3.04767149394433, 3.0894343515670393, 3.1293396958477793, 3.1673119351810337, 3.20322508506124, 3.236953892934452, 3.2683934555917253, 3.297536186384845, 3.32441304755691, 3.349061737124863, 3.371501049867555, 3.391742552975473, 3.4097995663721727, 3.425607953175436, 3.439129967273238, 3.450365830759642, 3.459260980708753, 3.465827627140381, 3.4700208562033303, 3.4717580256456833, 3.4710601139846404, 3.4678656188480472, 3.46213533361324, 3.453887475615531, 3.443099764819678, 3.429776138886784, 3.4138913502956356, 3.3954792945311643, 3.3744752311074007, 3.3508964781732407, 3.324731274738068, 3.2960112619730175, 3.264711869183731, 3.230849614311736, 3.194429834847128, 3.155385179070265, 3.113772579895406, 3.0695946473618485, 3.022755751593177, 2.973185245154444, 2.920926398649001, 2.8660001610132553, 2.808401195127637, 2.748234548050668, 2.6855715864345053, 2.620500087101597, 2.553107443612816, 2.4835203153851113, 2.4118673595589213, 2.338249885658543, 2.2627127778747766, 2.1855131354274437, 2.1067202869427177, 2.0264875583399027, 1.9450146396771582, 1.8626719383351735, 1.7797688213207412, 1.6966663577088732, 1.6137443056766974, 1.5316005557173644, 1.45089561652904, 1.3726002850231933, 1.2973659448634534, 1.2266715681289395, 1.1620075445198688, 1.104558717863041, 1.0566171959510167, 1.0195804367569519, 0.9954770242947778, 0.9860594845895779, 0.9916797100794185, 1.0124105393044962, 1.0474731151179522, 1.095657836834756, 1.1549843619089113, 1.2241125296903892, 1.3010427885487172, 1.384289051425035, 1.4723876618587894, 1.5645292174009413, 1.6595697738754376, 1.7567830591669982, 1.855675070164903, 1.9552296363440802, 2.054365615686308, 2.1528592510080276, 2.250323198518683, 2.3462356074545596, 2.4401009144529437, 2.531539379924859, 2.620175613699634, 2.7057176857258383, 2.7878893769406257, 2.8664720565524946, 2.9411561497143497, 3.0113704147768416, 3.076819875163312, 3.137349267811016, 3.1926314423758217, 3.242516769516413, 3.2867404476090147, 3.325329551776491, 3.3583623193341547, 3.38576672479716, 3.407287608754611, 3.4230968616278536, 3.4330695831997002, 3.437572278760894, 3.436380177009771, 3.42985120617218, 3.417844781400403, 3.400877724193227, 3.3790079230107186, 3.35202224936398, 3.32052605688037, 3.284200513048111, 3.2436118182128886, 3.1990057139564487, 3.150112399350313, 3.0976243220926456, 3.041557160414814, 2.981838915979281, 2.9190324855853076, 2.8534417775155814, 2.784708173579464, 2.7135883045351696, 2.6406307944219702, 2.5658351979572065, 2.488799729427383, 2.4105097735007037, 2.3313255553837897, 2.2510188881818367, 2.1697657185862895, 2.088806879774463, 2.0079303849859285, 1.9282179103228263, 1.8491759864988264, 1.771409024104963, 1.6956238930977259, 1.622646089605668, 1.5525078997314083, 1.4862547051129504, 1.4243190705655073, 1.367682661094667, 1.3177062728990796, 1.2751198069747185, 1.2418906799341707, 1.2184764478050414, 1.204622051762727, 1.2004865664260247, 1.2068980346425946, 1.2242269947376148, 1.2529793261671025, 1.290866567146997, 1.3353877927847562, 1.3871314225175209, 1.4440165612024698, 1.5083594088756476, 1.5765102549434498, 1.648620914459607, 1.7231605832147505, 1.8009382321903145, 1.8806500656993101, 1.96156812686114, 2.0446221921978616, 2.128208499141656, 2.2119836663734826, 2.295536918635239, 2.3783620770484957, 2.4610258517393033, 2.540712160499262, 2.6192472945403416, 2.698052629941934, 2.77486701750152, 2.84977226825117, 2.9230853898597, 2.993746998663661, 3.0618767018056685, 3.127237016472728, 3.189160727180381, 3.2478390433613713, 3.303758491718235, 3.3565336498754625, 3.4057092586145306, 3.4510754148545715, 3.493032654102352, 3.5308616140369202, 3.565185262643063, 3.5952820507101175, 3.6213241961983202, 3.6432231850132655, 3.6609551788611308, 3.674071273194684, 3.682817647521836, 3.686802292578844, 3.686277306023686, 3.6812564537335675, 3.6715931619755127, 3.657232141265571, 3.638005365839175, 3.6140120268510456, 3.5851704559550046, 3.551343774326539, 3.512568475223818, 3.469148843312503, 3.4211235397345856, 3.3684639389214928, 3.3112945671096603, 3.249823432842275, 3.1841651775432687, 3.1146857376570067, 3.041560948963132, 2.965103753189099, 2.885756680667574, 2.80394205077784, 2.71980866303249, 2.6334445201598125, 2.545481587147483, 2.4566907326722154, 2.367596590004488, 2.279369534972594, 2.1916101142916244],
[7.298265582979732e-15, 0.06002788968403681, 0.22754935688128625, 0.2385419201851184, 0.279401623803978, 0.30490252767810855, 0.3338104508998081, 0.3774265030127848, 0.4266966783774345, 0.44813376844631037, 0.491576212066672, 0.5313480927572765, 0.5760487888389543, 0.6194998229667955, 0.6647771451870372, 0.7179482437473595, 0.7637142736404434, 0.8162016066585729, 0.8703075595870319, 0.9242626939155952, 0.9816130906738835, 1.04387567081541, 1.097640492895836, 1.159154213790548, 1.2191970489467006, 1.2864153743908289, 1.347076754411649, 1.4116612969027529, 1.4724763400356753, 1.5381207472653813, 1.6023361090338066, 1.6699449414718126, 1.7291264247683207, 1.7925490000510482, 1.852756284961495, 1.917408154469753, 1.976279568428241, 2.035399729244351, 2.0897498859607055, 2.146025837488642, 2.200061096112809, 2.254603247208696, 2.3022197521706813, 2.3504846086989017, 2.3951618298531097, 2.441178850824234, 2.483579635684952, 2.5233321131637747, 2.5595407941218102, 2.595368528844785, 2.6291006692310694, 2.6622402376621377, 2.6907019268340657, 2.7177136447150354, 2.742443198967701, 2.7666433639793713, 2.789330691938157, 2.808803231275506, 2.826070623778765, 2.8423908863664176, 2.8571348673596133, 2.87120120096241, 2.8828515619056843, 2.892346028840389, 2.900947226187779, 2.908658373569527, 2.9158971296098586, 2.9206847088296057, 2.924242876831961, 2.9271306383984985, 2.9293282108880723, 2.9312701822774536, 2.932157483325374, 2.9311551536275755, 2.929883814548208, 2.9279331618688853, 2.9262908223116706, 2.9236103273678617, 2.9206083669633114, 2.9172944487610932, 2.9136019645042737, 2.910099702502067, 2.9063152095735023, 2.901163583313959, 2.8963801832548355, 2.8913142356626382, 2.8867522960439405, 2.882003024661557, 2.8772535783658655, 2.872891354513901, 2.8685701014682143, 2.8648175137565293, 2.8614860892386034, 2.8573456619803763, 2.8538573376454126, 2.8502107668139893, 2.8467691423573767, 2.843620061567593, 2.8402276845294927, 2.837343531927027, 2.834763843732017, 2.832691230953838, 2.8316133258091463, 2.8303727789426514, 2.830131446912316, 2.830491993104116, 2.831233638293107, 2.832900664144536, 2.8345731441234876, 2.836617684386607, 2.8390397254100397, 2.841437284521282, 2.844398728003873, 2.8470407318569775, 2.849884130016028, 2.8530395127915726, 2.856110681072188, 2.8598364909153102, 2.86361612591553, 2.867781562069468, 2.8726208228562524, 2.8776790970296724, 2.8837338123310157, 2.8901745803841834, 2.8972081306223134, 2.905072863059681, 2.9131437838797867, 2.92209869483789, 2.9313645152217833, 2.9409336883068815, 2.9510566305239196, 2.960817877584275, 2.9707833487880273, 2.980607554039296, 2.990173740162226, 2.99999385576687, 3.0091615337817452, 3.0180829199985255, 3.0266045731083597, 3.0343729501105323, 3.042226914166739, 3.049621390559471, 3.057107167550119, 3.0647741814348315, 3.0719898974856967, 3.0795036673576774, 3.086734361434886, 3.093859113027452, 3.101427089077121, 3.109119869628292, 3.1176513207174574, 3.1266505703782568, 3.1359500256464155, 3.145678464972854, 3.155042791397962, 3.1645518548377387, 3.1739528060141016, 3.1830860879405694, 3.1924602220711478, 3.2015271397857727, 3.210598273569155, 3.2193535510897133, 3.227379766937572, 3.2349436389930504, 3.2414012736544837, 3.247057772636379, 3.2519195275168116, 3.255754282612682, 3.259244061614865, 3.261983101429279, 3.264278966382695, 3.266320881987802, 3.267697132339484, 3.268981718767532, 3.2697166773965542, 3.2700330421360273, 3.2702632909356812, 3.2699673128610875, 3.269853256208654, 3.269716011463596, 3.269671537985531, 3.2703167481466697, 3.2711865014055896, 3.2728904979647613, 3.2752836874743956, 3.278139664451375, 3.281897873758173, 3.2858539667592157, 3.2903133020519877, 3.295113186524742, 3.299682498178768, 3.3045134091322232, 3.3090542166018713, 3.31353626775009, 3.3180601257334326, 3.322096267943522, 3.326030048382788, 3.329427792935161, 3.332449617468857, 3.335374234277189, 3.337583816245257, 3.3394073494995937, 3.3404098700512628, 3.340524411021472, 3.3400356255147905, 3.338527655248325, 3.3364953494161433, 3.3337719683454865, 3.3302618755926137, 3.326423879126078, 3.3218738759286572, 3.3172207193796557, 3.3125256039768667, 3.307849136749126, 3.303844732130585, 3.300113308650317, 3.2971461448176522, 3.2950464859674384, 3.293528923355355, 3.2932245361468953, 3.293690793796091, 3.2952273449027185, 3.298075805307673, 3.3018323173617534, 3.3070475258408942, 3.3131679810568158, 3.3200534989733166, 3.327874721845116, 3.3360644016467114, 3.3451939281903784, 3.355063580861755, 3.3655818251986354, 3.377134103274608, 3.389121936493409, 3.401759338030496, 3.4146866858841514, 3.4274051968417636, 3.4401613833807345, 3.4523926992940654, 3.464361340208959, 3.4760198925816406, 3.486994164887284, 3.497671193802105, 3.507525057595293, 3.5165478959564007, 3.5246135097182325, 3.5312101112570193, 3.536696268574192, 3.5407123697298526, 3.5434129615768963, 3.5451236624920073, 3.5456557381252742, 3.5456584011679158, 3.5449980288831173, 3.5437650790478306, 3.5422747380909607, 3.5401576045688237, 3.537941712592802, 3.535550569624337, 3.53292015324093, 3.530465881740978, 3.527822055550135, 3.5255647951530587, 3.523881447099078, 3.5226727637813964, 3.5224117320665935, 3.522611897512424, 3.5234833538375683, 3.5250494895987905, 3.5268856677894966, 3.5293880138357285, 3.532080720640743, 3.5349393198203067, 3.537998770476152, 3.5407649051793486, 3.543717880015434, 3.5466376177893535, 3.5495924438771573, 3.5529506499604193, 3.5562819301830584, 3.559936004164568, 3.5635962256869997, 3.5670789675894863, 3.570723799582367, 3.574122656758306, 3.5776621803570845, 3.5813148497681992, 3.5848741282541967, 3.588713758912822, 3.592435890999394, 3.596420569597093, 3.600800480406851, 3.6054332147894024, 3.610807348805488, 3.6165787859534055, 3.6229460588948568, 3.629978062286842, 3.6372311569633524, 3.644918658447135, 3.652450091340274, 3.6595648675703387, 3.6662105341929596, 3.671815932800954, 3.6767133345157563, 3.6805923213129947, 3.683461652437027, 3.6856512816227642, 3.6868307949597905, 3.6876152908023103, 3.6881413486722776, 3.6886151115635553, 3.6898692184470487, 3.691920583655403, 3.6953953491602554, 3.700398946364382, 3.7065754435727793, 3.7141500029405856, 3.722461457555677, 3.7313914685113545, 3.740748194895091, 3.750091805476897, 3.760014451241266, 3.7705689912075084, 3.782197849152535, 3.795229419663953, 3.8092392126174164, 3.8244103314024325, 3.8402014693554203, 3.8562567251101623, 3.872560682628557, 3.888605361790481, 3.9047469556204697, 3.920956630788592, 3.9372870717158563, 3.9541051186571075, 3.9709189302050194, 3.987747298558817, 4.004116332289395, 4.019588907359216, 4.034459268681024, 4.048466706158726, 4.061937353771246, 4.074908601327891, 4.08702678738336, 4.098394162204859, 4.108455964233673, 4.117308535977247, 4.1253308834027225, 4.132552397827358, 4.139586148724179, 4.146182573390252, 4.152157937247525, 4.15739786995221, 4.161330374078159, 4.164317693445562, 4.166351416939445, 4.167476032452188, 4.1678851168669535, 4.167012520752642, 4.1649573329222935, 4.161543538839525, 4.1567129111573795, 4.150968697487487, 4.144024111354421, 4.135947381076501, 4.126522847697631, 4.115420495231005, 4.103107905985313, 4.089557711042228, 4.075181347453795, 4.060183434736594, 4.044281981864024, 4.027936166710562, 4.011143383876224, 3.994424732818221, 3.978485162356039, 3.9633159550291244, 3.9493188370275987, 3.936350190564559, 3.92461920213198, 3.914675931874816, 3.9064202740566585, 3.9000809735376833, 3.8952219150252207, 3.8914243791266028, 3.8889711519703645, 3.8876564366836526, 3.887924433293038, 3.8895687461605304, 3.8919656631020594, 3.8951955185468243, 3.8989675843872105, 3.903631875418118, 3.909149424290765, 3.9149155682525634, 3.9210927944076626, 3.927536012379873, 3.9346560503248034, 3.9427688863467405, 3.9516102419768218, 3.9612882872976063, 3.9715515236244143, 3.982638064129319, 3.9949843401947174, 4.008188213904071, 4.022354039009182, 4.0373160356787485, 4.053279849884437, 4.070935080958053, 4.089963604824954, 4.110327839100741, 4.131606690481811, 4.1535225938502585, 4.176473486767747, 4.1999836509662485, 4.22379538326149, 4.247625641658629, 4.271146868661183, 4.294806722300523, 4.31838425634176, 4.341757738995687, 4.364784066406861, 4.3873704189982705, 4.410133113655506, 4.432851204710648, 4.455377985227765, 4.477619870078965, 4.499484806632327, 4.521630080676667, 4.544000918881437, 4.566560795802371, 4.58953430561528, 4.612818247334701, 4.636910237393712, 4.6616190249109, 4.686387621860453, 4.711135649625907, 4.735522398723866, 4.759774833785588, 4.783781193500151, 4.807007419120958, 4.829665767585977, 4.851518505321804, 4.872680089408315, 4.892898103734675, 4.911634549247457, 4.9292922714873475, 4.945907299231505, 4.961394975964396, 4.975435882716167, 4.9874619102078706, 4.99793375826145, 5.006864793109728, 5.01415799776801, 5.019791056921736, 5.023622289098464, 5.026268502477157, 5.027904352581645, 5.028395178827308, 5.027868405659297, 5.026314875348106, 5.024093875103432, 5.021101022437061, 5.017019597539469, 5.012094433031033, 5.0064435040342214, 5.000288006089823, 4.993518176798617, 4.985897276476138, 4.977880034342786, 4.969571979582396, 4.961002627444169, 4.952047197091829, 4.942483108397943, 4.9327472739754645, 4.922658771835789, 4.912040805050353, 4.90101246278983, 4.889528963879669, 4.878130986657293, 4.866569305007823, 4.854678951176863, 4.842867177210094, 4.831049876934817, 4.819556311969232, 4.808168840596394, 4.796898818605053, 4.786396911155823, 4.776448675410436, 4.767176922952893, 4.758552048581574, 4.750621854163784, 4.743866347601282, 4.7378277985302635, 4.732482768454512, 4.727994332094676, 4.724221352460905, 4.721253797798342, 4.718689100119563, 4.71674594143014, 4.715738608855976, 4.715421138486751, 4.715905732289783, 4.717030122649899, 4.71888168488647, 4.721454486753209, 4.7242185021092915, 4.727267071504855, 4.730571634195817, 4.7340431674254715, 4.737710096866525, 4.74142145426765, 4.74568057867754, 4.750521710603486, 4.755646085653025, 4.761244667422531, 4.767280554871722, 4.773952194526527, 4.781189262955539, 4.788798565834604, 4.797256245762659, 4.806483992880819, 4.816405214584597, 4.827046657997775, 4.8382600417144035, 4.850332764420382, 4.862892644735621, 4.875810633287608, 4.8894289464758325, 4.903489464578625, 4.9179342821763585, 4.932360171515586, 4.946596575903796, 4.96077405615274, 4.974362154030666, 4.9875458851901335, 5.000521492056652, 5.013203136628709, 5.025690119736842, 5.037649055934607, 5.049393989721158, 5.060923843793853, 5.0717722628009465, 5.082134805986805, 5.0918790607382975, 5.101032757626787, 5.109434878554177, 5.116869294263035, 5.123914096851698, 5.130516636547742, 5.136736592103688, 5.1429684060464, 5.149255738760504, 5.155875578343094, 5.162583469050679, 5.169555340831968, 5.177167158205383, 5.185046081891413, 5.1933342823767585, 5.202068176295171, 5.211194277510156, 5.220642610043941, 5.229980153632315, 5.2394893725431455, 5.249052261376543, 5.258258237437706, 5.267239385628756, 5.27580002210373, 5.283814721181834, 5.290924860064652, 5.296908627666796, 5.302032295003429, 5.3058452738362885, 5.308181290323338, 5.309190553605476, 5.3087733488158175, 5.3069821968217035, 5.303468633852168, 5.298385201103481, 5.292001557178514, 5.284131051405736, 5.275210373811045, 5.265473219525474, 5.254992124706228, 5.243917122383705, 5.232286110344775, 5.220603291483676, 5.20882117622329, 5.196841804167386, 5.185168122704392, 5.173806458880394, 5.162936209605778, 5.152868802986053, 5.14403365001885, 5.1368850226727005, 5.131214367737496, 5.127364758893881, 5.125699383690002, 5.12600962801703, 5.12841997626067, 5.132943287650443, 5.139606799842093, 5.148126185009549, 5.158010953413185, 5.169364337931214, 5.181709163701201, 5.194506108210792, 5.207742798063297, 5.221186785279224, 5.234706120976898, 5.247998889356501, 5.2610710220703965, 5.274093422773865, 5.286658409443328, 5.298935093059356, 5.3110922303439825, 5.322912342891804, 5.334437198018359, 5.345635783472068, 5.356727730858372, 5.367557711717336, 5.377830768826241, 5.38783684284974, 5.3972724064961, 5.405847694623122, 5.413656042030552, 5.4206836577018, 5.427135989402532, 5.433030525097119, 5.43883721402439, 5.445005755981815, 5.451348078985281, 5.458201121565374, 5.465708852597123, 5.473691465641594, 5.482180865602294, 5.491139947350801, 5.500760499843587, 5.510875385237855, 5.52148043428737, 5.533035684112845, 5.545272399633518, 5.558037987450457, 5.57136918350426, 5.585135412384874, 5.599303757169572, 5.613627692268844, 5.62827726848749, 5.643245898038636, 5.658271578916491, 5.673742430892464, 5.689648357952747, 5.7057901550962145, 5.722157421351454, 5.738549373082353, 5.754821277215095, 5.770465377373086, 5.7853827536143285, 5.7996917516992506, 5.812974742833967, 5.825344504737011, 5.836924644246263, 5.847545688687487, 5.857110142783502, 5.865423789973813, 5.872612236904268, 5.878503590824999, 5.883023624321579, 5.886596629894735, 5.8890198694660265, 5.890278284683417, 5.890558506560377, 5.88973976548632, 5.887797492446877, 5.884635118637777, 5.880651894894418, 5.87608658594972, 5.870927878779051, 5.865744619864208, 5.8605188767084915, 5.855039991164444, 5.849452686476295, 5.843712384649894, 5.8379648745037285, 5.832216491021777, 5.8267860085182, 5.821901914155445, 5.8171884698737015, 5.812886211265505, 5.809072066697872, 5.805581637548408, 5.80282940697894, 5.801102787651148, 5.800679899641742, 5.801479800676571, 5.803388195119172, 5.806445809502715, 5.810080480751785, 5.8143211829940045, 5.819428047495749, 5.8251294673932605, 5.831484665072854, 5.838341634867365, 5.845537262416084, 5.852909675894111, 5.8603237650359645, 5.868111313401352, 5.875985015367027, 5.883828716969832, 5.891921979314027, 5.89991232909641, 5.90781997491553, 5.9157967240547, 5.923917165732952, 5.932314335936006, 5.940824358463469, 5.949613798168917, 5.958425209805397, 5.9669560529580075, 5.975599338821918, 5.9841526966654195, 5.992488193056744, 6.000673930981907, 6.008420360610993, 6.0156110157622535, 6.02211968240247, 6.028258886384708, 6.034231402889878, 6.039874051526674, 6.045544819178176, 6.0510767375750785, 6.056273043171018, 6.061496031784864, 6.066764001898111, 6.072140056244242, 6.0775470974859145, 6.082957396172647, 6.088314260013891, 6.093290000008566, 6.0981607751912925, 6.102879413025448, 6.107084027097905, 6.110957087176522, 6.11435686517553, 6.1172851098289796, 6.119957109882893, 6.122496991916711, 6.124944560343509, 6.126981229236377, 6.128764967052005, 6.1304523061231855, 6.131887817829141, 6.133423963217033, 6.134971656493387, 6.136268797153459, 6.137391730025666, 6.1383970710565965, 6.139538301085962, 6.140864286627912, 6.1425856809493995, 6.144754531748097, 6.146990684781736, 6.149678750152644, 6.153053293214972, 6.1570426174000055, 6.161896314484262, 6.16748040796776, 6.173741510575974, 6.180770604828402, 6.188691553189099, 6.197540315325671, 6.206863735788996, 6.2166691507427485, 6.2270126658346, 6.237712923130165, 6.2491470923008094, 6.261162725761021, 6.273304095149429, 6.2854188146187235, 6.297251467417008, 6.30873543748655, 6.319600780300048, 6.329723237076675, 6.3390064545457765, 6.347156247633866, 6.354567375081353, 6.361362061558142, 6.3674412946187315, 6.3730863477257556, 6.378236791475512, 6.382968453159718, 6.387552178928603, 6.392174649399834, 6.39682411865355, 6.401325562110108, 6.406078882419522, 6.411229083724554, 6.416717366562028, 6.4228693865711195, 6.429512286523639, 6.436551200811138, 6.4443853512917455, 6.453097576119473, 6.462750656204217, 6.473196988168561, 6.484451981153393, 6.496586426046928, 6.509704586808862, 6.524295267451394, 6.540204679388319, 6.557234088346494, 6.575624512450656, 6.595156043491746, 6.615749123303956, 6.637336033891128, 6.65959657467345, 6.682439703744927, 6.705718621389915, 6.729491569183155, 6.753318584313437, 6.776764293367619, 6.799856486744938, 6.822253935368649, 6.844012583389924, 6.8652293562577915, 6.885461845000696, 6.904684632541307, 6.923022377677971, 6.94054511728124, 6.957164959494832, 6.972574468987648, 6.986724570418358, 6.999387582626527, 7.01064299015378, 7.0205164254699, 7.028501659670896, 7.034666224026809, 7.03925620231017, 7.042320993723356, 7.044176546470905, 7.044743095728335, 7.044080388939934, 7.042296947433299, 7.039634210577863, 7.036270873167982, 7.032019131077889, 7.027065822534317, 7.0215898681581805, 7.015457089739209, 7.008959044265848, 7.001920042297825, 6.994197891975158, 6.986164624918896, 6.977956643989954, 6.969571047486667, 6.960886819086737, 6.952072336202953, 6.943306044447601, 6.934615420207666, 6.926192736257817, 6.91772050818518, 6.909069982771394, 6.9006276282662, 6.892240540092869, 6.883851369490192, 6.8754621961382245, 6.866979470879788, 6.858648953161238, 6.8505926106100175, 6.84291279634771, 6.835444240993638, 6.828211419701161, 6.8215201183453615, 6.815047630151554, 6.808693159608797, 6.802458427059049, 6.796138297075754, 6.790081261959291, 6.784395339884928, 6.778892004148293, 6.773654660611201, 6.768725095661764, 6.764122226479347, 6.759616012780719, 6.755177711909711, 6.750853691606083, 6.746521225299504, 6.7426629619648715, 6.739322620167708, 6.7364457523818535, 6.734380976123402, 6.733063241600896, 6.732326638182125, 6.732301577474606, 6.732973932056207, 6.734626690567501, 6.737347144661639, 6.741426545390594, 6.746983892543333, 6.754216283800566, 6.763459540446233, 6.774194196315331, 6.786070607813398, 6.79918981488184, 6.813281104540395, 6.828478031871119, 6.8444731833381, 6.860755760058785, 6.877395731257776, 6.894368812967418, 6.911302535646982, 6.927408694632717, 6.942343092211971, 6.956140900747606, 6.968987370955128, 6.981199935886305, 6.992821333255319, 7.003674376339698, 7.014573197268077, 7.025569270182703, 7.0367701106772165, 7.048135455172288, 7.059901117451865, 7.072289328155038, 7.085688065298921, 7.100000119827747, 7.115081837632107, 7.130628043964943, 7.146954812773535, 7.16358698251085, 7.18043689107314, 7.197582951795556, 7.214900929308919, 7.232533221076071, 7.250542035510565, 7.268701640658803, 7.2871693660828765, 7.305766974068934, 7.324263263380935, 7.342326870467094, 7.359866066681093, 7.376847711426158, 7.392893268373492, 7.40803314732169, 7.422061804745658, 7.434829695285155, 7.446544163089893, 7.45706779125683, 7.466426491433561, 7.475021652859375, 7.482823240087339, 7.489805351617157, 7.495944114456992, 7.501092776615583, 7.505331698284116])

DVDM実行時間: 728.6945643340005
初期値に対するノルムの最大誤差: 1.5130083341752254e-06
初期値に対するノルムの最大誤差比: 4.057779211138221e-07
初期値に対するエネルギーの最大誤差: 0.0007921450224133153
初期値に対するエネルギーの最大誤差比: 0.0001302393076905241
各要素の最大誤差: 3.571400544069893 4.10339656300699
各要素の最大誤差比: 2.104145356276494 0.06510786152480316

t: 8.0 , 1.1595663348637344 2.6295586302433374 , 0.6855973258116087 0.043880126409016805
t: 16.0 , 2.081878723857439 3.2695027965451 , 1.230930926095651 0.05455851219275102
t: 24.0 , 2.3783354727284807 3.2960796595043784 , 1.4061980441760393 0.055002551368538814
t: 32.0 , 3.173889375285305 4.10339656300699 , 1.6481609042233287 0.03625555375115934

(0.04716342650036864,
[2.9035139518199437e-15, 0.11120976621571431, 0.12446540201325658, 0.15585101166483464, 0.17162960344801434, 0.19613959169049164, 0.213667983022774, 0.2361146309129021, 0.25513382605034335, 0.27720757559974407, 0.29779573696998735, 0.3202532753860015, 0.34254778475516245, 0.3658594809179963, 0.3898653829362912, 0.41437927498888455, 0.4400723368665165, 0.465941272646325, 0.49332409853237785, 0.5205881206157336, 0.5496123365173105, 0.5782943963271219, 0.6088439289238239, 0.6389304273285182, 0.670904655400364, 0.7023103853989697, 0.7356137034674439, 0.7682472023032796, 0.802753970024637, 0.8365337454405413, 0.8721106592748673, 0.9069366708034012, 0.9434791303260824, 0.9792362127154133, 1.0166370501700301, 1.0532321055594536, 1.0913791085083033, 1.1287245330317013, 1.1675196682174749, 1.2055223909001918, 1.2448852416853864, 1.2834566325102663, 1.32330204787526, 1.3623696236830587, 1.4026136700586358, 1.4421017151327464, 1.4826709177717652, 1.5224971630557984, 1.563319864882014, 1.6034061541208893, 1.6443981204497604, 1.684668343780766, 1.7257456896237717, 1.7661076809339336, 1.807185142262419, 1.847545696592395, 1.888538164045959, 1.9288055227210836, 1.9695812447655363, 2.009602402640324, 2.050074437274478, 2.089880425634323, 2.130073802661586, 2.169385977625429, 2.2087203014053824, 2.2472095004111963, 2.286161983179445, 2.324749858896914, 2.3634148558687045, 2.400602793885278, 2.437116379396894, 2.4729932689919725, 2.509711020477082, 2.545966747654667, 2.5814514672391815, 2.6154697948286407, 2.649520839730884, 2.6830234716265196, 2.715959702906, 2.747695160998826, 2.7794508560622435, 2.8105865207907197, 2.840990586863993, 2.8702064635662006, 2.8993122782522764, 2.927575466692621, 2.9550687093533496, 2.9817290970178303, 3.0082746672495437, 3.033808182910944, 3.058719171340455, 3.083013388219867, 3.1068713813979936, 3.1295603422196563, 3.1517904918986597, 3.1733115897884585, 3.194076502792439, 3.2139010739740757, 3.2334328806552595, 3.252067674243189, 3.270102992043185, 3.2875937844182266, 3.304658684277007, 3.320887433091681, 3.3368579326552856, 3.35221776667061, 3.367011005457098, 3.381236233392152, 3.395106539839681, 3.408138532594792, 3.4207594810242132, 3.432767531731463, 3.444142801230068, 3.4548545095360432, 3.465149398547804, 3.4746416523805292, 3.4836897614668274, 3.4921697282119197, 3.5000989920458854, 3.5074759308224026, 3.514514885471402, 3.520894207259503, 3.5269514439150758, 3.532563951106208, 3.537742311678657, 3.542474048017057, 3.546857774394529, 3.550656988577896, 3.554179118983863, 3.557242057123227, 3.559853881115978, 3.5619574101583744, 3.5635376747829284, 3.5644686679097837, 3.565053169607916, 3.565095725333201, 3.564645322191877, 3.563547000764257, 3.561739246299755, 3.559268076257618, 3.5563883608946534, 3.5529247737335123, 3.5489543196166515, 3.5442946233794497, 3.5390294017852857, 3.533282708006625, 3.5270670920055007, 3.5201978844267163, 3.51282103716663, 3.504845042314732, 3.4963952265635587, 3.4874039256866247, 3.4778981322192446, 3.4679583400108562, 3.4576347040581865, 3.446698582603972, 3.435211897670962, 3.423081074444356, 3.4103748678340025, 3.397024703766007, 3.3830530394074656, 3.3685552220538892, 3.3536197739383886, 3.3380931745400693, 3.3220726928106306, 3.305471053517801, 3.288267379792565, 3.2703635340338266, 3.251756314682721, 3.232462719374028, 3.2125090044611495, 3.191856477506055, 3.1707060852768683, 3.1490211089734323, 3.1268542936031274, 3.1042472277911926, 3.081236074053632, 3.057775628800745, 3.033851202397562, 3.00942237392788, 2.98454667178546, 2.9591000458466614, 2.933166665268419, 2.9067666599070487, 2.8799107965456945, 2.8526542904822203, 2.8250859818188365, 2.7971959352200124, 2.7690530887259652, 2.740655424198066, 2.7120965898549896, 2.683281857327232, 2.654194506731547, 2.6248142662096456, 2.5950993619003495, 2.565036823001424, 2.5346483831493654, 2.5038085145164057, 2.472527164130945, 2.4407823522245047, 2.408654612517982, 2.376163018665673, 2.343391634687221, 2.310389288495037, 2.2771431991196227, 2.243638734392248, 2.2099429912326753, 2.176054351205669, 2.142131429369117, 2.108188783610622, 2.0741910950859013, 2.0400543496488837, 2.0057412540561064, 1.971220571590011, 1.9365178663024278, 1.9016690181838811, 1.866732737696187, 1.8317014857746807, 1.796691449926202, 1.7616554270793716, 1.7266095799103809, 1.6916418294465638, 1.6568545447152345, 1.6223194425486007, 1.588089232774643, 1.5541578753542646, 1.5206227008948054, 1.4875758570270134, 1.4551519061458218, 1.423353887009375, 1.392230905277419, 1.3616939166019235, 1.3316088599569262, 1.3019149694097136, 1.272580918437472, 1.2435936080685146, 1.2150411019735972, 1.1869757988754683, 1.1595663348637344, 1.1328797438686424, 1.1069191501187876, 1.0816191179081345, 1.0570039287791166, 1.033057536337582, 1.009779380697815, 0.9873120787218173, 0.9658998800496273, 0.94581678990369, 0.9274605929520444, 0.9111121265079641, 0.8970655186056774, 0.8854576679688404, 0.8762946205760208, 0.8694760772197411, 0.8648690401553104, 0.8623563464657166, 0.8619310730058641, 0.8635492592411824, 0.8671357880692697, 0.8726873145229239, 0.8804275972174108, 0.8904998936589653, 0.9029329031180152, 0.917533404365342, 0.9340523575636418, 0.9522651999978701, 0.9719656486824726, 0.9929952798768074, 1.0152317449889778, 1.0385127659844697, 1.062744514743466, 1.087836694649497, 1.1137841280577658, 1.1406506461257229, 1.1685697357434308, 1.1975994617403207, 1.2277401958797305, 1.2589121081587171, 1.2909307331584976, 1.323569422996827, 1.3566392593122005, 1.3900113834971368, 1.4236026938993422, 1.4573152481427705, 1.491101189405375, 1.5249071915850834, 1.5586729869250768, 1.592351066516888, 1.625932889179984, 1.6594407184091922, 1.6929527683821946, 1.7265725422428018, 1.7603708328248293, 1.7943397436747353, 1.8284016439141597, 1.8624297399629992, 1.8963305597550026, 1.9300450444244532, 1.9635750009595068, 1.9969319445326004, 2.0301042776574163, 2.0630584069604647, 2.095766517163673, 2.128244421793483, 2.1605367932953707, 2.192677730685452, 2.2246931085052783, 2.2565933962823532, 2.288380196525322, 2.320045825192376, 2.351577100450582, 2.3829436542925566, 2.414119300919656, 2.445075951201798, 2.4757799128267095, 2.5061888927461395, 2.536244577047473, 2.5658715248990824, 2.5949880636540468, 2.6235130275977223, 2.6513959518244983, 2.6786321452750403, 2.705271030588135, 2.731363866525315, 2.756935327408615, 2.782001739191722, 2.806598668824517, 2.8307662115417, 2.8545174906671473, 2.8778220377451182, 2.9006242094210646, 2.9228799793183375, 2.944575201925115, 2.965725697256389, 2.986372751648056, 3.0065592761544724, 3.02631102537573, 3.0456204578569563, 3.0644624907769673, 3.082806687346414, 3.1006301403031267, 3.1179180363537498, 3.1346553955416865, 3.1508329623980504, 3.1664469137072655, 3.1815026772469426, 3.196033352986055, 3.2100995823001095, 3.2237766911304107, 3.237140327987303, 3.250253673702773, 3.263141511465574, 3.2757892504873696, 3.288151927458431, 3.3001760517998506, 3.311808441393913, 3.3230022121949663, 3.33372872277543, 3.3439764961085374, 3.3537447732578274, 3.36304250148521, 3.371883575821967, 3.380287627495933, 3.388264539208506, 3.395816007944864, 3.40294634647893, 3.4096751020573226, 3.416034988708063, 3.4220536786743483, 3.427731353907535, 3.433035628756713, 3.43792291299087, 3.4423777116204746, 3.446439077489072, 3.450184162018794, 3.4537008616302622, 3.4570709745530745, 3.4603531298455765, 3.4635838739117943, 3.4667771592228114, 3.4699246969639375, 3.4730119227291003, 3.476025126458664, 3.4789514603272442, 3.481768366653709, 3.4844413404341896, 3.4869296052582404, 3.48920632774213, 3.4912718843968955, 3.493137790339516, 3.494805310106257, 3.4962753545372762, 3.4975649780764844, 3.4987096535589006, 3.4997497329547915, 3.5007127059927083, 3.501606486443236, 3.502424298095671, 3.5031520150483106, 3.5037838116699302, 3.5043263416066424, 3.5047872430037974, 3.505155425487801, 3.505396586226524, 3.5054634782589744, 3.505309573049441, 3.504897661189981, 3.5042099177771764, 3.5032551326929675, 3.5020584839039306, 3.5006413675321797, 3.4990109629406554, 3.4971653378192253, 3.4950974376377024, 3.4927924069419483, 3.4902231223703417, 3.4873512646727267, 3.4841298379967256, 3.480497384642394, 3.476384571062744, 3.4717295005588222, 3.4664929063505143, 3.4606624458521003, 3.454249699360077, 3.4472788572624484, 3.439768275934968, 3.4317206354405103, 3.4231183862769567, 3.413926305906971, 3.404103575236888, 3.3936214912232865, 3.3824744501877575, 3.3706735605659097, 3.3582370946504665, 3.345181837071784, 3.331517183110825, 3.3172404591376745, 3.302339010849046, 3.28679535709774, 3.270576434315259, 3.2536189371454203, 3.2358402038542704, 3.217170455139978, 3.197574972492861, 3.1770449287302975, 3.1555675100150524, 3.133104425431143, 3.1096099661437773, 3.0850777247169128, 3.059559859010522, 3.0331418923957925, 3.0059090915552242, 2.977930336370059, 2.949257456397149, 2.9199239136789066, 2.889927524865081, 2.8592125839832074, 2.827691511084185, 2.7952998736337187, 2.7620333680130287, 2.7279477019636102, 2.6931337971892524, 2.657683818613174, 2.6216605741514756, 2.585088898905574, 2.5479875761045543, 2.5104024012522226, 2.472405720871335, 2.4340720056721725, 2.3954615970887385, 2.356625929985086, 2.31760873815952, 2.2784418865303757, 2.239153489627063, 2.199788071993765, 2.1604104881436066, 2.121088272344675, 2.081878723857439, 2.042836237966073, 2.0040276310457523, 1.9655368880384567, 1.9274585776970725, 1.8898829341648802, 1.852871088624881, 1.8164376524093713, 1.7805507095988111, 1.7451432162532539, 1.7101316539045956, 1.6754384067078556, 1.641013188686511, 1.606834876497962, 1.572895404978378, 1.539187841802592, 1.5057115464096222, 1.4724860705894782, 1.4395571495819794, 1.407002036442137, 1.3749451965953319, 1.3435582426937043, 1.3130337898233941, 1.2835460483694254, 1.2552173792359391, 1.2280979361185465, 1.2021658597432028, 1.1773489784873674, 1.1535547777710378, 1.1306960316454038, 1.1087214557346827, 1.0876361593020472, 1.067490971581506, 1.048340590037768, 1.030205766640426, 1.0130790692551754, 0.9969735880087875, 0.9819765421836196, 0.9682405165987327, 0.9558783974448499, 0.9448690004012911, 0.935115309020699, 0.9265938985956297, 0.919421260101384, 0.9137770595399908, 0.9097721875933189, 0.9073994349735309, 0.9066001013136187, 0.9073553739552241, 0.9097300093574873, 0.9138562604815573, 0.9198796211213089, 0.9278702341444985, 0.9377617049100675, 0.9493985276330716, 0.9626390877038603, 0.9774093893622128, 0.9936956002794014, 1.0115454986797137, 1.0310668281684625, 1.0523670300050796, 1.0754711328063191, 1.1002929308372824, 1.126663857606949, 1.1543665728003498, 1.183141230312018, 1.2126956586792188, 1.2427459309334579, 1.2730749823698548, 1.3035653025786944, 1.3341936890150805, 1.3650137159066922, 1.3961121593522352, 1.427554389837644, 1.4593728059183777, 1.4915779841908765, 1.5241647883604847, 1.5571246783606265, 1.590472143125088, 1.6242460565465935, 1.6584813992975618, 1.6931678504329741, 1.7282309640916191, 1.7635534280888023, 1.799002810389845, 1.834450923471472, 1.869796703535278, 1.9049927235893354, 1.940042907059464, 1.9749745582179228, 2.009809026173475, 2.044545233659802, 2.0791656850195146, 2.1136481561823284, 2.147972511982306, 2.182106562753359, 2.2160028273891346, 2.2496209966591456, 2.2829458926097157, 2.3159775342477147, 2.3487022652617293, 2.381078727495446, 2.413060505863966, 2.444633544448116, 2.475828321238529, 2.506698954617222, 2.537292564087266, 2.567632963158886, 2.5977217597803537, 2.6275390042928164, 2.657042687809858, 2.686172081458064, 2.714862670008395, 2.743060884294222, 2.770726032121882, 2.7978223067663666, 2.8243134017993823, 2.8501561697538613, 2.8753156241810385, 2.8997834021682856, 2.9235792708336983, 2.946743407094975, 2.9693200864458342, 2.991353985991146, 3.0128893239889747, 3.0339687078149415, 3.0546175322731823, 3.074828380383383, 3.094571416269379, 3.113812162070313, 3.1325190167638417, 3.1506621756962465, 3.1682117436898944, 3.1851404949509114, 3.20142726420589, 3.217065860345432, 3.2320738373400744, 3.2464890741571577, 3.2603561995044914, 3.273704577458042, 3.286546420101951, 3.2988815673710152, 3.31070173918864, 3.3220042226489404, 3.3328099446947284, 3.3431786459098247, 3.353192916203055, 3.3629317313070684, 3.3724504144238163, 3.381772523225704, 3.3908804426921093, 3.399727661321863, 3.408256055281136, 3.4164081972625326, 3.4241480564630344, 3.431458916223502, 3.438334853918434, 3.4447654860459758, 3.450732828302614, 3.456217560419852, 3.4612042538018435, 3.465679346093912, 3.469619737211174, 3.4730057260379654, 3.4758392584683033, 3.478140631472338, 3.4799234735795355, 3.481169906860178, 3.48183311170598, 3.4818672811461897, 3.481242621413523, 3.4799477346252004, 3.4779698228190217, 3.4752918679754115, 3.4719033205492145, 3.4678220079499633, 3.463096402658269, 3.457791542842082, 3.451990960798841, 3.4457696368434036, 3.4391791841144967, 3.4322479885601673, 3.4249991191983127, 3.4174567884863056, 3.409628343535891, 3.4014868115590895, 3.3929678694055125, 3.383988010178427, 3.3744784774659937, 3.3644242578317116, 3.353841177897008, 3.342770729437928, 3.3312369251245335, 3.3192201233847416, 3.3066792756106755, 3.2935679664032813, 3.279862044291109, 3.2655711845989805, 3.2507175805547446, 3.2353195300192765, 3.2193868833973815, 3.2029247011696858, 3.1859251649000506, 3.1683746269810595, 3.1502790591982266, 3.131664035891458, 3.1125805239386, 3.0930775744263133, 3.073195492815827, 3.052960448037353, 3.0323836909034125, 3.0114983754916347, 2.9903410279153424, 2.9689555444006657, 2.947356254972272, 2.925549691349523, 2.903501328381262, 2.8811553869026545, 2.8584600080153577, 2.835365917052788, 2.8118589800409164, 2.7879791146722637, 2.763806615394636, 2.7394157794942116, 2.7148666601620675, 2.6902156489528317, 2.6655337599279036, 2.640866720425205, 2.616242541016017, 2.5916706584687743, 2.5671692905633474, 2.542818536805976, 2.5186664865639643, 2.494761968473585, 2.4711136758381325, 2.4476696660128217, 2.4244083654558835, 2.4013162444865532, 2.3783354727284807, 2.3554308209909083, 2.3325488724464294, 2.3096680496334967, 2.2867546429535315, 2.263815278990069, 2.2408732837423884, 2.2179840136656335, 2.1952128241848885, 2.1725752333387613, 2.150101150712937, 2.127793689371979, 2.105694999053721, 2.0837857836900024, 2.0620375033163962, 2.040471218123955, 2.0190722814095734, 1.9978117911823887, 1.976643459695865, 1.9555631292514624, 1.9344598355242903, 1.9132748548383014, 1.8919412485576932, 1.8703808978822039, 1.848518045136983, 1.8263522751288075, 1.8039075128296111, 1.7813181737350883, 1.7587639937076043, 1.7364664171074262, 1.7145744619634038, 1.693099151939116, 1.6720297511986084, 1.651307274484676, 1.6308672607137078, 1.61063452467464, 1.590591175282489, 1.5708641016240967, 1.5514020218276112, 1.5321839606983085, 1.5133371032204987, 1.4948256376249842, 1.4767973120971165, 1.4593219136943247, 1.4423216234970153, 1.4259548478430377, 1.4101010149776974, 1.3947850983599228, 1.3799679471005055, 1.3657432370704612, 1.3519361040158415, 1.3384885120451897, 1.325299161174339, 1.3122480294242223, 1.299241888002713, 1.2861661168955296, 1.2730703950141782, 1.259855458872052, 1.2466208795772384, 1.2334482633400774, 1.2202845652061294, 1.207321944941227, 1.1948130174400726, 1.1827214174717513, 1.1709242006265903, 1.1596574352268818, 1.1489514935395782, 1.1388177997511748, 1.1293195808629768, 1.12057023893905, 1.1125300461454388, 1.1054121481562242, 1.0992441045481085, 1.0943617196866973, 1.0906157784005395, 1.0880276548437022, 1.0867002177275449, 1.0866183450833689, 1.0874710045364628, 1.0893163667357086, 1.0921765460308446, 1.0961292486483627, 1.1008049647157676, 1.106207193752757, 1.1122456153076001, 1.1189356686985223, 1.1265548617133057, 1.134465814824025, 1.1433142191318177, 1.1529865048810706, 1.1631799545839747, 1.17446206175821, 1.1865216599622948, 1.1999953816619415, 1.215086970676111, 1.2318182389928638, 1.2498826145867206, 1.2696735761093072, 1.2907821113375206, 1.3131888021308875, 1.3368347278901778, 1.3616170764083209, 1.387175337007714, 1.4135381648877163, 1.4409041077854288, 1.4692090323253661, 1.4983728166648485, 1.5286747158598213, 1.5593844547042417, 1.5901676458426235, 1.621619258408736, 1.6538378829926184, 1.6864330844738473, 1.7193563870774307, 1.7528242159157028, 1.7869762553249648, 1.8220165697656108, 1.8579943855780778, 1.894826007828038, 1.932296163338368, 1.9698005707209585, 2.007602300065877, 2.0455353690644977, 2.0834706465118322, 2.121193639925697, 2.158982548944072, 2.1966755407120786, 2.2346263158478754, 2.271946503451897, 2.3089467298795294, 2.3454947662579992, 2.3819128796388505, 2.418050043212681, 2.453750483056313, 2.489351254286844, 2.524411081210141, 2.5594737584851175, 2.5937721966442426, 2.627317877520187, 2.660671943981257, 2.6931501241190126, 2.725292800149257, 2.756668796811345, 2.7870560967530937, 2.8169104963318037, 2.84598854550733, 2.8739498914488464, 2.901533341866714, 2.9282326995458985, 2.9540477121561413, 2.9793213216332624, 3.0040573532082178, 3.027476614122178, 3.050204644101597, 3.0726019454648004, 3.0945551638042703, 3.11531229003516, 3.1359853820163823, 3.156241442266606, 3.1756733440229072, 3.1942985595842455, 3.2122030433817477, 3.229562906851392, 3.246497197770358, 3.262699672334116, 3.27818423432384, 3.29346650735578, 3.3083563653281187, 3.3230242377333004, 3.3373153208473076, 3.351073680434617, 3.3643771766715242, 3.3770269183927817, 3.3893104703287134, 3.4013968441046005, 3.4133272092961815, 3.424132774440576, 3.4344765926011593, 3.443599907752321, 3.4531745829705427, 3.462559056081802, 3.4717538154376437, 3.4803251107842317, 3.488173352655288, 3.496051545872099, 3.50380158035751, 3.51127233957991, 3.5178959518681565, 3.524002240472033, 3.5298696154322937, 3.534630136364423, 3.539503304486643, 3.5441039993709005, 3.548669938221911, 3.5531842084232252, 3.557173722107925, 3.5614075383948647, 3.564427361394969, 3.565841702465392, 3.567689257897499, 3.569350734757237, 3.570196145099869, 3.5708795301685075, 3.571400544069893, 3.5712584103741323, 3.5708542590996313, 3.5695001616851934, 3.5675524062511648, 3.5649987913993275, 3.5623572134844412, 3.5587695756796016, 3.5544789842639357, 3.5495740455947717, 3.544045040821822, 3.5378668207575084, 3.5311391880955614, 3.5236654902706537, 3.5156564031127315, 3.507069992148009, 3.497712771312838, 3.4877004169462733, 3.476990730402559, 3.465687359115041, 3.4538378074229437, 3.441398006874766, 3.428326711820139, 3.4146020881325736, 3.400194708269323, 3.3851292422023227, 3.3693559292807342, 3.353041266315723, 3.3358190998849926, 3.3178871409248774, 3.2992817322236294, 3.2800893284333683, 3.260113332430975, 3.2391471306577806, 3.21783044995523, 3.19624333319107, 3.173889375285305],
[7.298265582979732e-15, 0.16546903626229553, 0.2597132569456069, 0.27617847511764043, 0.30126280522706017, 0.32946973736914786, 0.35973071209616175, 0.3685420881994871, 0.3834241162581969, 0.3984815037227769, 0.4179918295973134, 0.4303813923918748, 0.45011543837889617, 0.46953937985807637, 0.4947643139463187, 0.5204975708078793, 0.5534453584979663, 0.5851642159641659, 0.6222348643731701, 0.6625469160237124, 0.7082035432364976, 0.7514504872237528, 0.7984030974324279, 0.8487681332511882, 0.9024521448510224, 0.9527615419174438, 1.0052135100371038, 1.060380819818946, 1.117229517479738, 1.1701596182226117, 1.2239779923313405, 1.2796297071683413, 1.3358013045094987, 1.3877437869255063, 1.43966217256192, 1.4926253216377983, 1.5452767816534991, 1.5936162987656122, 1.6413226847760887, 1.6894345569285771, 1.7367302854784015, 1.7798061062524924, 1.8218947799542617, 1.8639687052200293, 1.9049635675865795, 1.941986288728617, 1.9778977093587125, 2.0135389419723633, 2.0480394229091434, 2.078926596143376, 2.108717057170985, 2.138125676163859, 2.166453491088696, 2.191568863767791, 2.2156972133482467, 2.239396674456976, 2.2621276264681573, 2.2820589686815, 2.301150329187583, 2.3198084705007473, 2.337602601719847, 2.3529214578375233, 2.3675370254943844, 2.381782889716317, 2.395372448584198, 2.4068415494951627, 2.4176410762557343, 2.427886315924246, 2.4374347511414625, 2.4452078008533813, 2.4527340697990136, 2.4600350669389903, 2.4668500875479715, 2.471996419579591, 2.476492628170865, 2.480285159483599, 2.4836119861126957, 2.4857904773702937, 2.48794135389021, 2.4899782333917524, 2.4919261148605116, 2.4928541765969316, 2.493507889984672, 2.4935905354254335, 2.4931876670742557, 2.4916261272052243, 2.4898223911552138, 2.487730626620944, 2.485668007321079, 2.4830877381692686, 2.4808150596916154, 2.4786663881241173, 2.4767820121049113, 2.4744528869457945, 2.472204449762309, 2.4696973662958763, 2.4670536118114827, 2.4636509475227717, 2.4601152747067574, 2.456212234692829, 2.452274560319542, 2.447895194047002, 2.4437927325578785, 2.439828919533568, 2.436394638281283, 2.4330542852221475, 2.4303920024518693, 2.4281233075590074, 2.4265220373963867, 2.4250392258984057, 2.4240581109562624, 2.423141694849962, 2.4224457462073987, 2.4214030913703097, 2.4203941142996057, 2.419053618713225, 2.4176468529486965, 2.4157445234978336, 2.4138618323545664, 2.4117740717583374, 2.4099028263931777, 2.407942986207241, 2.406461275464012, 2.4052988762511975, 2.4048912026300315, 2.404920623109887, 2.4058253403772984, 2.4073212623330265, 2.409772668548817, 2.4128430143261235, 2.4168662438269157, 2.42134055788645, 2.426315285295283, 2.4312634950491647, 2.4365497160942104, 2.441857940012137, 2.4473577059391354, 2.4524643839522686, 2.4573240687115256, 2.4614884289104837, 2.465206283223476, 2.4682674586450832, 2.4711854376721654, 2.473809588895846, 2.4764877785136177, 2.478926203705651, 2.4814076371358733, 2.4835833584085396, 2.4857877417488896, 2.4878955470477138, 2.490512242813874, 2.4936372977935126, 2.4977155980667702, 2.5023734980244097, 2.507731984910908, 2.513285720637687, 2.5191819053377538, 2.525025497129235, 2.5311139005940855, 2.537227808875346, 2.543795037033963, 2.550624670802282, 2.558025650529283, 2.565563842649303, 2.5732987492158315, 2.5806956730586568, 2.58785412297672, 2.5943292061507024, 2.6003459189809637, 2.6056492543442777, 2.61062262447187, 2.6151035983807014, 2.6194874395678793, 2.623545277806004, 2.627544979025546, 2.6311293832021803, 2.6344499153277097, 2.6371324365768, 2.639367599259181, 2.640845457311811, 2.641851740077501, 2.642218049052411, 2.642319954163971, 2.6420230591993783, 2.6417111367654638, 2.6412945966704555, 2.641180511516646, 2.641216714085615, 2.641687072418868, 2.6423341343856412, 2.64333721525814, 2.6443271856669592, 2.645440591471936, 2.6464083057868013, 2.647538660691287, 2.648633967728415, 2.6499205466384037, 2.651141783234501, 2.6526248024116352, 2.654339292985346, 2.6567117888308305, 2.6595681121916397, 2.6630742113108616, 2.6668750514501847, 2.671061169722352, 2.6753084588552407, 2.6797627086465154, 2.6841106196800073, 2.688390281003284, 2.692136374808928, 2.695320930836052, 2.6975394392917114, 2.6989362136862476, 2.6993587591699733, 2.6991910045145584, 2.6983633515008223, 2.697164586697618, 2.695427257511816, 2.6934189489846996, 2.6909871803285474, 2.688374439382763, 2.6853875407493466, 2.6822931413927904, 2.6789590868061715, 2.6756968635298177, 2.6723869341320277, 2.6692204132087247, 2.665850286596229, 2.662299889329472, 2.6582739885651008, 2.6540035791872794, 2.6494489221806217, 2.645043625055856, 2.6408313587725467, 2.6372114447878197, 2.634137146944718, 2.6318832678801583, 2.630293492374316, 2.6295586302433374, 2.6294881662229215, 2.63031422138629, 2.6319827442606956, 2.6348272370889614, 2.638769778982394, 2.644011271582849, 2.650309000908662, 2.6576693107893736, 2.6656312331642424, 2.674018087645197, 2.6823289564663586, 2.690487152084889, 2.698138393169997, 2.7053407883203295, 2.711942845514844, 2.7182209173591483, 2.7240818239100166, 2.729670407831437, 2.7347880207974695, 2.739623637335503, 2.744014343303173, 2.7479921808983696, 2.751157805093952, 2.7535304035349277, 2.754992937146322, 2.7558436453740938, 2.7560535442501863, 2.755886592363864, 2.7552465603549154, 2.7542814675150176, 2.752776543556287, 2.7508549411225642, 2.748396220553322, 2.7455250466622956, 2.741931060422708, 2.737540346543815, 2.7320716474367823, 2.725648370578045, 2.718198596708151, 2.7100368251686167, 2.7012812526816035, 2.6923755990385683, 2.6833993141717754, 2.6746582303656123, 2.666139858492015, 2.6581318682412833, 2.650661331534512, 2.6440926005043655, 2.6384850663515182, 2.6340944049660964, 2.6307935115822407, 2.628732721822175, 2.6278284451277867, 2.6283078006602945, 2.6301828703464407, 2.6337570193432867, 2.6390220421051085, 2.6461253001003633, 2.654859560948977, 2.6651942142480403, 2.6767935246602246, 2.689474435075368, 2.702693497585615, 2.7160690342608955, 2.72905228367099, 2.741495246610796, 2.753149212476274, 2.764069561812208, 2.774163348974559, 2.783618245378274, 2.7924031523356474, 2.8006070226943387, 2.8080217976909756, 2.8146525198802332, 2.8204065077322915, 2.8255178302183848, 2.830102030206006, 2.8345398819756484, 2.839020874473402, 2.843815986583726, 2.8487770473975935, 2.853720935090816, 2.8581580288568382, 2.8618711436337847, 2.864755579802873, 2.8671800685998523, 2.8693978128523363, 2.8716493753603585, 2.8738136090756714, 2.875903791350962, 2.8778760101039254, 2.879939446131767, 2.882179492550851, 2.8848156436045977, 2.8877419288364945, 2.8907960972177698, 2.8937294357049903, 2.8968140818176753, 2.9004137640142, 2.9048505360214625, 2.9098963081321756, 2.915228004475347, 2.9205081765564844, 2.925819085568421, 2.931242519111696, 2.936827669574111, 2.942168870535522, 2.946971401258815, 2.951180441796786, 2.9552082734866456, 2.9592328558123, 2.963279228556707, 2.967188228576162, 2.971119734414697, 2.97522279727445, 2.979564900184974, 2.9836917634493503, 2.9871390824255326, 2.9896463491427347, 2.9914053708628114, 2.9923263027189693, 2.9920563974117815, 2.9902315984999444, 2.9870450532262454, 2.9826134131478375, 2.9767112408927376, 2.9688831128249697, 2.959221506377636, 2.9480510189490006, 2.9355862380364317, 2.921579299060371, 2.90591863808955, 2.8887480468347038, 2.8704769498538965, 2.8511860990235998, 2.8309121278552114, 2.809905807673668, 2.78887137099921, 2.7681122020302897, 2.7476009796179586, 2.727447274906119, 2.708308533281333, 2.690351126421045, 2.67321304860507, 2.656687157530315, 2.6412887729690167, 2.6270880275531265, 2.6135929837946414, 2.6005214440705564, 2.588386810272775, 2.5772879674121865, 2.566831704656966, 2.5568432399838055, 2.547760642236655, 2.539469754665839, 2.531497695880431, 2.5237249871337832, 2.516586078662235, 2.5099213693663787, 2.5033797269302664, 2.497101064228382, 2.49164328890785, 2.4868800064157845, 2.4826107642842676, 2.4790689756400526, 2.476574466137701, 2.474702929593784, 2.4732792070680447, 2.4727000032869695, 2.473341018332945, 2.474995055985899, 2.4779375733166447, 2.4826689196992313, 2.4891663254442826, 2.496926178534045, 2.5061010788705964, 2.5167684987653085, 2.5284568445678017, 2.5407349708837437, 2.5538248974649327, 2.5674523743028423, 2.5810094707313063, 2.5944788987572593, 2.608275149368045, 2.6221347048493775, 2.6359275451101345, 2.6500541335988808, 2.664644918673347, 2.6792727912736267, 2.694099134592226, 2.709369086763771, 2.7247847742189006, 2.7402447478250265, 2.756379449150415, 2.773299149111604, 2.790785064065085, 2.809141139205501, 2.828671052469429, 2.8488803239403344, 2.8695612092550724, 2.8907378438638647, 2.911921142116622, 2.9326545457490254, 2.953280788801792, 2.9737562025285755, 2.993689959561115, 3.0131764730281896, 3.0323206137365726, 3.0506600834416298, 3.0683718375516036, 3.086015183948997, 3.103553265964447, 3.1208288804239923, 3.138092151834203, 3.155052545400483, 3.171324910450183, 3.1870005678508675, 3.201848020263616, 3.2152636840942037, 3.227381694406912, 3.2384029553187794, 3.2481198591284293, 3.2567361456478503, 3.264618958154932, 3.2715040304981398, 3.2774066200695176, 3.2826004915000073, 3.2868362553757047, 3.290043313292216, 3.2925724178716727, 3.2941106712511985, 3.2943890591724467, 3.2937463560541973, 3.292100440275572, 3.289224794360485, 3.2855495781656705, 3.281114241463115, 3.275664154946305, 3.2695027965451, 3.262610343526766, 3.254624187410064, 3.24589704420127, 3.2365550014878983, 3.226270915271078, 3.215361075819713, 3.2039515052849024, 3.191615525433368, 3.1786604169548722, 3.165347760954961, 3.151340157578542, 3.137019399756993, 3.12277847933267, 3.108325176447682, 3.0940505018615916, 3.080394276593984, 3.067035998315612, 3.054298281754753, 3.0425403500025805, 3.031238612074361, 3.0204419597351264, 3.0103238863995343, 3.0002686181638567, 2.9902092478633127, 2.9802393999973664, 2.9698779344672266, 2.95933650458356, 2.9489288152090913, 2.938319499941232, 2.9277571328452594, 2.917547033641387, 2.9074532009639826, 2.897634182694113, 2.888124478024316, 2.8787510171532915, 2.869937548152435, 2.861749580062105, 2.854140994103955, 2.8475979757040077, 2.8421893384988355, 2.837951614971762, 2.835301903343012, 2.8339664551615047, 2.8339539112097176, 2.835548847908269, 2.8383430514707912, 2.8423879744909253, 2.847945126592661, 2.854402447947794, 2.861828822209351, 2.870317908807203, 2.879297117479093, 2.8889087184920856, 2.8992362996392784, 2.909863161428142, 2.921106419421207, 2.9327048957980915, 2.9440877744811598, 2.955274021645604, 2.965846168954995, 2.975517693199575, 2.984569061273606, 2.9927123512034584, 3.0001926599994313, 3.007394419850484, 3.0142138812249266, 3.021019618730251, 3.0279631609907596, 3.034797447579611, 3.041875881043474, 3.048832183625643, 3.055310129152054, 3.06135699952085, 3.0664492808376598, 3.0705725972375064, 3.074007507082887, 3.07629960420064, 3.0778196463180856, 3.0786964330570545, 3.0787361445824435, 3.0784431627174547, 3.077823171773401, 3.07685654887112, 3.0761685218820616, 3.075587537271098, 3.075362222879585, 3.0756696799248604, 3.0762404901105, 3.077455928642619, 3.07931534133491, 3.081618699800928, 3.084928491790501, 3.088978271974432, 3.0939547348736647, 3.1001351321369492, 3.1070576809884085, 3.1149431086771084, 3.123740714614053, 3.132886731088542, 3.1427670205489537, 3.152979273483846, 3.1633572430634853, 3.1739536093173735, 3.1839696199609038, 3.193134246845799, 3.2013183840811874, 3.2081203019438593, 3.2139785050799023, 3.2185663597199237, 3.2219537882255773, 3.2245017424219222, 3.2258439222231923, 3.226198928303681, 3.225646601782608, 3.2237665773123236, 3.220884252473895, 3.2164521130954116, 3.210336307291228, 3.2028242954441177, 3.193724363909264, 3.183432483473002, 3.172093961421616, 3.159472523794251, 3.146065334545576, 3.1316853228865464, 3.116671108201223, 3.10137091495454, 3.0857778795944193, 3.0703683389652614, 3.0551966950674316, 3.040382908245289, 3.0263981760465235, 3.0129476918567883, 3.000589758822233, 2.989464079255226, 2.9795872554551783, 2.9713610898294904, 2.9645045700860084, 2.9590959149195197, 2.9552418357787027, 2.9524994691406734, 2.9512744391974115, 2.9511710889759004, 2.9523198664996713, 2.95507241301032, 2.959249139211351, 2.9653730988206006, 2.9733858581173935, 2.983021998863319, 2.9947329344970677, 3.007914004654482, 3.0226132571350726, 3.0385309104522125, 3.0551975523469235, 3.0728402939782833, 3.0909457096699966, 3.1092129336485677, 3.1274824264650967, 3.1450973579560095, 3.16234671279782, 3.1788179557444836, 3.194454513088398, 3.209309450243317, 3.222981200436031, 3.2355457443458446, 3.2466623544816513, 3.2560558194017717, 3.2638659145633397, 3.2696740550240393, 3.2738178640376603, 3.2760600044496266, 3.2764884819260067, 3.275392382768429, 3.2725993312018082, 3.268669619028468, 3.2638965234822144, 3.258562328551277, 3.253366207609766, 3.247994806213665, 3.2429780150354377, 3.2383399560091646, 3.234152700127306, 3.2309849266056667, 3.228641701126263, 3.2272050135601686, 3.226430409956763, 3.2258809666908848, 3.225976449307484, 3.2264103363580396, 3.227525419299931, 3.229182202425216, 3.231165810177033, 3.2336031465715935, 3.236296482929294, 3.239641739576216, 3.2436338687776263, 3.2480140736614707, 3.252940405800708, 3.2578617586628993, 3.2633293761557387, 3.2692567971906055, 3.275594238752179, 3.2824537058319496, 3.2892976230697735, 3.2965224562822404, 3.3042660796342225, 3.3124457828479836, 3.3212787142688147, 3.3300439629218923, 3.3390977038068206, 3.3482293767110582, 3.3574539373842787, 3.3668769237544245, 3.3757846429313974, 3.384020376480156, 3.391249701751188, 3.397341447365424, 3.402369330543305, 3.4057208918943904, 3.407791940571554, 3.408516115678858, 3.4084559266378225, 3.4077265548099493, 3.4059297160978765, 3.4032337884170336, 3.3993482353337123, 3.394565132041873, 3.3890776747388687, 3.38239802799976, 3.3750101590813495, 3.3667792189834604, 3.3582408430592756, 3.349314307543559, 3.3396540943267556, 3.3293414212043624, 3.3184273879812305, 3.3073317962757196, 3.2960796595043784, 3.284694683142735, 3.273502445704529, 3.262501694345255, 3.2523878292281156, 3.2429017242432594, 3.2343845158619295, 3.226921635026421, 3.220685173170786, 3.2160228287164503, 3.2123139477323903, 3.2095148675512655, 3.207695903227679, 3.206709011232499, 3.206529542886605, 3.206338051430818, 3.2063689800599082, 3.2063265489491544, 3.2064171210089754, 3.2064356206278806, 3.2060620592939935, 3.205607915200666, 3.204889361068651, 3.2041019989276545, 3.203078862768791, 3.201778147760895, 3.2010448457327927, 3.2005582691385652, 3.200578692328532, 3.2005676283936766, 3.2007664571968646, 3.201388986037605, 3.2018918789015816, 3.202365198903451, 3.202851368476441, 3.2036472457312235, 3.2046738933600554, 3.205610929660408, 3.206931975991202, 3.208428346175933, 3.2104216649325203, 3.2123751690275943, 3.2145359456214213, 3.2169084774105663, 3.219058532558735, 3.220843903724165, 3.221824965800144, 3.222229468624596, 3.222134118103806, 3.221274420648475, 3.2198843381261066, 3.2179023256495887, 3.215882747935457, 3.213372631576789, 3.2106870200873012, 3.2080143175623053, 3.205643844815823, 3.20339902089675, 3.200902078470567, 3.1986847286918025, 3.196443267672756, 3.193743231149894, 3.19050546493043, 3.186761275894332, 3.1832238558111965, 3.1793021595881243, 3.1755185247954607, 3.1720264573246593, 3.1690859200944432, 3.166403590757148, 3.163665876953615, 3.1612702003590174, 3.158876639453116, 3.1563626943190424, 3.1537008107678357, 3.150985028388186, 3.1484728419784545, 3.145743708802353, 3.1436130586306437, 3.1419534466732157, 3.1410025767033356, 3.140499486235982, 3.1407450300398883, 3.1419768956304455, 3.1438249158906424, 3.146328501646547, 3.149420196674238, 3.15326690990898, 3.1574531905765544, 3.161714937536572, 3.1664706293694707, 3.171050432625587, 3.1756788162902545, 3.179825530871748, 3.1839348995200867, 3.1875744190806854, 3.1904292244013805, 3.192935093319952, 3.1951147567420852, 3.1972633550076655, 3.199425210457997, 3.2022199795397976, 3.2060013210563136, 3.2105423462899836, 3.2164670114859875, 3.2237714747624517, 3.233006391094175, 3.243790223160827, 3.256776909451824, 3.271898680146326, 3.288824550184053, 3.3073601500115037, 3.3273744988444007, 3.348855576647846, 3.371077206641127, 3.394115145352636, 3.417937745863494, 3.442262666826369, 3.467337389074974, 3.492992085490785, 3.519794495627217, 3.5470041703091018, 3.574949046141072, 3.6033119977850347, 3.631719407828408, 3.6598649219289427, 3.687349777154239, 3.7140475156648773, 3.7391363750146667, 3.7625477767691193, 3.7843123690492844, 3.804094758664366, 3.821791915897639, 3.837211166808672, 3.8506473466751743, 3.8614231681429096, 3.870065785732704, 3.876628831139272, 3.881319862800012, 3.8840366991265083, 3.8849160076201925, 3.884138226943603, 3.8813347513252063, 3.876769987939688, 3.870505990582862, 3.8626504871931227, 3.8533417094873395, 3.842693628334888, 3.831060271526822, 3.8181325950008187, 3.80462047953482, 3.790319202338205, 3.7754556580189065, 3.7600795874117097, 3.744561741108264, 3.7285986805779285, 3.7118993223599657, 3.69494975904257, 3.6778703738538328, 3.660762463583084, 3.6437713210748233, 3.627240319144723, 3.6110446040130624, 3.594965908164579, 3.5794744797656244, 3.564336291885373, 3.5498842225832834, 3.5357616370928797, 3.522214698935511, 3.508692892286053, 3.4954228114407346, 3.482459529265389, 3.469820455030327, 3.458091435342177, 3.447227445627454, 3.4367798555149647, 3.426175387943876, 3.41589945367377, 3.406313258194079, 3.3973306748279644, 3.3896093090766306, 3.383104148277021, 3.377735602157262, 3.372997476870781, 3.369865709050703, 3.3684165817441922, 3.3692349036346125, 3.3720416248319087, 3.376368980277278, 3.3821615555063573, 3.3893067019278798, 3.3980901718138563, 3.408472684254125, 3.4212403870644423, 3.4360928378624798, 3.4517959319059655, 3.4684804262944144, 3.4864981442006324, 3.506339481012665, 3.527479740772235, 3.5503079645617963, 3.5741065846234235, 3.5985799285819953, 3.6232793303602824, 3.6481364565727636, 3.673116109198679, 3.6980781814303505, 3.7223433085983384, 3.7450482072030926, 3.7665979400376566, 3.7870328497057377, 3.80619928565893, 3.824407173880337, 3.8417973403826218, 3.858276322917053, 3.8734344764342445, 3.887984551602216, 3.9018905163806674, 3.9155817843944325, 3.928993778638803, 3.9422690125352156, 3.9552180950797293, 3.9682476277390704, 3.9810438449017975, 3.9932690094873986, 4.004990356328821, 4.015740537098633, 4.025496130706383, 4.034386061239608, 4.042580824071726, 4.049915223075904, 4.05656428745778, 4.06294424682357, 4.068737474143525, 4.0746108641958765, 4.080473568548418, 4.086385317591203, 4.091929316186647, 4.097616062669297, 4.10339656300699])
[Finished in 776.899s]
